id hotel_cluster
0 1
1 1
2 1
3 80
4 21
5 92
6 41
7 41
8 69
9 70
10 98
11 10
12 18
13 28
14 25
15 25
16 25
17 25
18 25
19 2
20 2
21 16
22 16
23 94
24 77
25 24
26 58
27 58
28 36
29 82
30 46
31 30
32 36
33 29
34 57
35 29
36 46
37 30
38 85
39 46
40 36
41 36
42 82
43 5
44 29
45 59
46 29
47 62
48 81
49 46
50 59
51 29
52 29
53 36
54 81
55 29
56 59
57 36
58 46
59 36
60 81
61 6
62 82
63 81
64 36
65 29
66 36
67 36
68 29
69 36
70 36
71 53
72 36
73 8
74 28
75 73
76 26
77 28
78 95
79 95
80 95
81 95
82 95
83 95
84 95
85 95
86 95
87 95
88 95
89 95
90 95
91 95
92 95
93 95
94 95
95 95
96 77
97 77
98 77
99 13
100 42
101 9
102 9
103 55
104 5
105 91
106 13
107 72
108 72
109 55
110 26
111 65
112 21
113 56
114 56
115 69
116 68
117 75
118 56
119 68
120 6
121 38
122 46
123 67
124 81
125 82
126 38
127 53
128 38
129 81
130 78
131 67
132 46
133 81
134 82
135 43
136 43
137 43
138 43
139 82
140 82
141 82
142 82
143 37
144 99
145 8
146 8
147 78
148 8
149 8
150 8
151 8
152 35
153 25
154 25
155 25
156 25
157 25
158 25
159 55
160 55
161 82
162 9
163 9
164 20
165 90
166 82
167 43
168 8
169 43
170 99
171 8
172 38
173 25
174 50
175 67
176 35
177 20
178 57
179 8
180 8
181 99
182 22
183 25
184 64
185 99
186 64
187 64
188 38
189 30
190 95
191 99
192 99
193 22
194 8
195 16
196 8
197 78
198 60
199 82
200 8
201 43
202 43
203 29
204 36
205 21
206 8
207 8
208 35
209 99
210 11
211 10
212 10
213 10
214 99
215 99
216 99
217 8
218 8
219 8
220 36
221 36
222 36
223 36
224 11
225 22
226 64
227 97
228 11
229 36
230 11
231 36
232 37
233 8
234 22
235 2
236 8
237 59
238 36
239 8
240 62
241 36
242 78
243 85
244 29
245 85
246 5
247 85
248 36
249 36
250 99
251 99
252 64
253 64
254 64
255 22
256 8
257 8
258 8
259 8
260 8
261 22
262 8
263 89
264 99
265 35
266 10
267 10
268 10
269 8
270 35
271 35
272 73
273 8
274 8
275 99
276 99
277 99
278 81
279 8
280 22
281 58
282 99
283 78
284 22
285 78
286 22
287 43
288 8
289 8
290 99
291 22
292 22
293 36
294 62
295 62
296 83
297 5
298 59
299 89
300 78
301 36
302 78
303 36
304 36
305 78
306 78
307 78
308 35
309 5
310 8
311 8
312 14
313 10
314 51
315 67
316 2
317 81
318 10
319 43
320 99
321 8
322 22
323 22
324 22
325 43
326 22
327 58
328 8
329 22
330 22
331 8
332 8
333 36
334 14
335 22
336 99
337 81
338 78
339 62
340 8
341 15
342 8
343 8
344 8
345 43
346 15
347 82
348 99
349 99
350 15
351 15
352 15
353 36
354 10
355 57
356 35
357 89
358 89
359 89
360 14
361 30
362 81
363 8
364 40
365 57
366 62
367 62
368 18
369 91
370 91
371 91
372 91
373 45
374 10
375 10
376 84
377 10
378 10
379 54
380 54
381 77
382 54
383 54
384 54
385 54
386 77
387 54
388 54
389 54
390 54
391 54
392 77
393 54
394 76
395 17
396 54
397 54
398 54
399 54
400 54
401 54
402 54
403 49
404 54
405 54
406 17
407 42
408 42
409 42
410 42
411 32
412 32
413 7
414 7
415 68
416 40
417 83
418 83
419 37
420 83
421 83
422 72
423 18
424 50
425 18
426 7
427 76
428 5
429 37
430 37
431 37
432 51
433 30
434 30
435 30
436 30
437 30
438 30
439 30
440 30
441 30
442 45
443 24
444 24
445 45
446 24
447 24
448 88
449 1
450 45
451 45
452 24
453 24
454 24
455 24
456 24
457 24
458 45
459 45
460 88
461 24
462 24
463 24
464 24
465 24
466 88
467 84
468 45
469 79
470 45
471 9
472 68
473 83
474 72
475 72
476 4
477 39
478 9
479 4
480 40
481 98
482 41
483 10
484 47
485 41
486 39
487 19
488 72
489 18
490 70
491 33
492 41
493 70
494 72
495 72
496 91
497 33
498 21
499 18
500 41
501 72
502 70
503 72
504 18
505 72
506 48
507 4
508 9
509 41
510 41
511 48
512 33
513 37
514 41
515 4
516 41
517 41
518 69
519 16
520 4
521 18
522 39
523 4
524 9
525 18
526 93
527 21
528 98
529 0
530 34
531 28
532 70
533 38
534 28
535 4
536 68
537 72
538 97
539 18
540 33
541 41
542 41
543 84
544 41
545 18
546 19
547 41
548 18
549 48
550 91
551 19
552 68
553 38
554 80
555 63
556 41
557 72
558 72
559 18
560 5
561 37
562 98
563 97
564 97
565 18
566 95
567 37
568 91
569 51
570 83
571 28
572 28
573 80
574 94
575 96
576 34
577 37
578 91
579 41
580 41
581 97
582 84
583 28
584 28
585 91
586 39
587 83
588 95
589 91
590 41
591 28
592 41
593 41
594 37
595 37
596 72
597 18
598 18
599 18
600 18
601 18
602 68
603 95
604 95
605 95
606 95
607 19
608 70
609 21
610 21
611 48
612 55
613 4
614 34
615 18
616 17
617 28
618 37
619 77
620 55
621 41
622 17
623 72
624 84
625 13
626 91
627 41
628 41
629 18
630 41
631 51
632 13
633 21
634 90
635 94
636 63
637 84
638 17
639 18
640 5
641 19
642 37
643 0
644 21
645 98
646 98
647 95
648 68
649 55
650 19
651 49
652 37
653 37
654 68
655 68
656 55
657 75
658 95
659 95
660 37
661 22
662 25
663 97
664 93
665 93
666 18
667 91
668 18
669 69
670 75
671 41
672 96
673 41
674 83
675 91
676 41
677 33
678 41
679 41
680 83
681 41
682 70
683 21
684 96
685 70
686 73
687 68
688 84
689 91
690 91
691 70
692 70
693 96
694 70
695 21
696 96
697 70
698 21
699 70
700 96
701 91
702 69
703 41
704 75
705 84
706 83
707 17
708 91
709 84
710 68
711 70
712 41
713 41
714 96
715 33
716 91
717 18
718 70
719 91
720 41
721 41
722 41
723 41
724 21
725 46
726 30
727 38
728 67
729 20
730 44
731 53
732 78
733 25
734 44
735 25
736 98
737 97
738 98
739 98
740 30
741 3
742 30
743 3
744 99
745 12
746 12
747 12
748 86
749 57
750 82
751 81
752 62
753 62
754 19
755 56
756 20
757 38
758 8
759 8
760 82
761 82
762 68
763 68
764 68
765 25
766 82
767 82
768 82
769 71
770 1
771 91
772 40
773 1
774 1
775 91
776 91
777 15
778 64
779 64
780 46
781 46
782 61
783 61
784 85
785 85
786 72
787 72
788 36
789 29
790 82
791 82
792 36
793 36
794 64
795 65
796 65
797 73
798 90
799 90
800 53
801 85
802 14
803 53
804 30
805 78
806 43
807 8
808 8
809 8
810 16
811 82
812 16
813 2
814 25
815 59
816 46
817 46
818 46
819 25
820 25
821 11
822 11
823 11
824 11
825 11
826 83
827 83
828 28
829 72
830 61
831 83
832 81
833 14
834 14
835 26
836 64
837 40
838 40
839 37
840 37
841 30
842 30
843 46
844 46
845 62
846 62
847 25
848 42
849 17
850 25
851 25
852 42
853 99
854 42
855 3
856 57
857 99
858 95
859 57
860 16
861 47
862 10
863 54
864 51
865 65
866 66
867 65
868 21
869 60
870 60
871 9
872 78
873 67
874 99
875 65
876 52
877 65
878 78
879 30
880 44
881 58
882 60
883 58
884 70
885 70
886 70
887 83
888 17
889 45
890 45
891 79
892 45
893 45
894 78
895 64
896 64
897 64
898 64
899 64
900 28
901 28
902 15
903 15
904 42
905 42
906 4
907 4
908 15
909 6
910 6
911 6
912 95
913 16
914 95
915 16
916 83
917 83
918 83
919 83
920 83
921 48
922 48
923 48
924 48
925 41
926 70
927 98
928 70
929 41
930 41
931 56
932 37
933 56
934 70
935 37
936 82
937 73
938 8
939 90
940 90
941 30
942 8
943 2
944 22
945 78
946 78
947 36
948 67
949 58
950 59
951 9
952 95
953 59
954 12
955 36
956 46
957 36
958 36
959 29
960 62
961 59
962 46
963 12
964 46
965 46
966 46
967 46
968 54
969 59
970 62
971 59
972 29
973 29
974 36
975 81
976 29
977 36
978 36
979 29
980 66
981 66
982 42
983 32
984 99
985 32
986 7
987 32
988 51
989 32
990 51
991 51
992 8
993 66
994 96
995 80
996 80
997 80
998 80
999 45
1000 65
1001 64
1002 52
1003 92
1004 66
1005 66
1006 55
1007 72
1008 76
1009 4
1010 33
1011 72
1012 4
1013 17
1014 61
1015 65
1016 3
1017 52
1018 5
1019 73
1020 28
1021 35
1022 8
1023 66
1024 58
1025 44
1026 58
1027 30
1028 77
1029 61
1030 80
1031 80
1032 65
1033 65
1034 80
1035 66
1036 65
1037 65
1038 66
1039 65
1040 65
1041 56
1042 0
1043 84
1044 26
1045 36
1046 2
1047 61
1048 46
1049 82
1050 46
1051 38
1052 58
1053 30
1054 61
1055 46
1056 85
1057 36
1058 36
1059 82
1060 12
1061 11
1062 61
1063 81
1064 46
1065 82
1066 85
1067 82
1068 20
1069 61
1070 41
1071 12
1072 36
1073 11
1074 29
1075 12
1076 78
1077 78
1078 29
1079 61
1080 29
1081 12
1082 12
1083 12
1084 29
1085 29
1086 61
1087 20
1088 61
1089 61
1090 33
1091 33
1092 33
1093 33
1094 33
1095 33
1096 33
1097 33
1098 33
1099 33
1100 33
1101 33
1102 33
1103 33
1104 33
1105 33
1106 33
1107 33
1108 33
1109 33
1110 94
1111 55
1112 77
1113 33
1114 33
1115 33
1116 33
1117 33
1118 33
1119 33
1120 33
1121 33
1122 33
1123 33
1124 33
1125 33
1126 96
1127 33
1128 33
1129 33
1130 33
1131 33
1132 33
1133 33
1134 33
1135 33
1136 33
1137 33
1138 33
1139 33
1140 33
1141 33
1142 33
1143 33
1144 33
1145 33
1146 33
1147 96
1148 73
1149 52
1150 84
1151 33
1152 33
1153 33
1154 33
1155 33
1156 33
1157 33
1158 33
1159 33
1160 96
1161 84
1162 96
1163 33
1164 73
1165 33
1166 96
1167 33
1168 33
1169 33
1170 33
1171 84
1172 84
1173 84
1174 33
1175 33
1176 84
1177 96
1178 84
1179 33
1180 26
1181 84
1182 96
1183 91
1184 48
1185 34
1186 10
1187 73
1188 73
1189 73
1190 28
1191 34
1192 34
1193 34
1194 34
1195 84
1196 33
1197 91
1198 34
1199 15
1200 28
1201 34
1202 34
1203 10
1204 34
1205 33
1206 65
1207 65
1208 52
1209 65
1210 87
1211 87
1212 73
1213 87
1214 87
1215 87
1216 87
1217 65
1218 52
1219 65
1220 73
1221 65
1222 65
1223 65
1224 65
1225 66
1226 52
1227 66
1228 52
1229 65
1230 65
1231 65
1232 52
1233 65
1234 66
1235 38
1236 38
1237 30
1238 65
1239 65
1240 58
1241 86
1242 96
1243 52
1244 65
1245 87
1246 52
1247 65
1248 65
1249 52
1250 65
1251 52
1252 52
1253 66
1254 66
1255 66
1256 52
1257 65
1258 52
1259 52
1260 65
1261 65
1262 65
1263 65
1264 65
1265 89
1266 89
1267 65
1268 60
1269 96
1270 73
1271 69
1272 44
1273 75
1274 65
1275 65
1276 68
1277 59
1278 13
1279 16
1280 34
1281 48
1282 59
1283 16
1284 16
1285 70
1286 70
1287 70
1288 70
1289 70
1290 70
1291 70
1292 70
1293 70
1294 16
1295 48
1296 94
1297 77
1298 40
1299 94
1300 94
1301 94
1302 65
1303 65
1304 65
1305 65
1306 66
1307 96
1308 1
1309 1
1310 1
1311 88
1312 88
1313 70
1314 70
1315 55
1316 55
1317 17
1318 41
1319 33
1320 56
1321 56
1322 37
1323 37
1324 56
1325 97
1326 70
1327 41
1328 70
1329 41
1330 98
1331 4
1332 56
1333 41
1334 72
1335 98
1336 66
1337 0
1338 87
1339 65
1340 50
1341 14
1342 14
1343 14
1344 14
1345 14
1346 14
1347 35
1348 51
1349 96
1350 96
1351 96
1352 44
1353 85
1354 85
1355 96
1356 96
1357 96
1358 85
1359 96
1360 96
1361 96
1362 96
1363 96
1364 96
1365 96
1366 65
1367 60
1368 83
1369 83
1370 48
1371 51
1372 87
1373 66
1374 65
1375 93
1376 96
1377 41
1378 96
1379 44
1380 96
1381 96
1382 17
1383 96
1384 41
1385 51
1386 44
1387 96
1388 96
1389 96
1390 96
1391 96
1392 96
1393 96
1394 96
1395 96
1396 96
1397 96
1398 96
1399 96
1400 96
1401 96
1402 96
1403 96
1404 96
1405 48
1406 41
1407 96
1408 96
1409 96
1410 51
1411 41
1412 48
1413 96
1414 41
1415 96
1416 96
1417 41
1418 96
1419 41
1420 41
1421 41
1422 41
1423 41
1424 41
1425 41
1426 41
1427 62
1428 28
1429 97
1430 73
1431 41
1432 10
1433 41
1434 41
1435 78
1436 57
1437 31
1438 10
1439 33
1440 33
1441 36
1442 81
1443 81
1444 26
1445 65
1446 87
1447 65
1448 52
1449 52
1450 65
1451 47
1452 76
1453 17
1454 47
1455 71
1456 40
1457 96
1458 71
1459 12
1460 57
1461 47
1462 40
1463 76
1464 40
1465 40
1466 65
1467 71
1468 76
1469 50
1470 76
1471 50
1472 47
1473 76
1474 0
1475 40
1476 40
1477 40
1478 78
1479 65
1480 0
1481 44
1482 20
1483 62
1484 61
1485 65
1486 26
1487 21
1488 65
1489 0
1490 31
1491 0
1492 52
1493 0
1494 65
1495 84
1496 65
1497 65
1498 68
1499 34
1500 34
1501 65
1502 41
1503 11
1504 29
1505 36
1506 36
1507 36
1508 10
1509 81
1510 62
1511 15
1512 81
1513 61
1514 81
1515 81
1516 10
1517 15
1518 10
1519 10
1520 10
1521 10
1522 99
1523 61
1524 92
1525 63
1526 82
1527 14
1528 29
1529 76
1530 29
1531 82
1532 63
1533 63
1534 29
1535 29
1536 63
1537 2
1538 61
1539 48
1540 57
1541 85
1542 40
1543 30
1544 61
1545 33
1546 51
1547 33
1548 40
1549 51
1550 47
1551 47
1552 47
1553 80
1554 11
1555 83
1556 12
1557 0
1558 96
1559 33
1560 73
1561 21
1562 21
1563 21
1564 21
1565 33
1566 21
1567 33
1568 21
1569 37
1570 91
1571 41
1572 41
1573 5
1574 41
1575 87
1576 0
1577 11
1578 18
1579 37
1580 0
1581 0
1582 84
1583 56
1584 0
1585 98
1586 0
1587 21
1588 21
1589 49
1590 21
1591 56
1592 21
1593 21
1594 69
1595 56
1596 56
1597 56
1598 56
1599 56
1600 49
1601 19
1602 4
1603 19
1604 19
1605 94
1606 86
1607 92
1608 97
1609 26
1610 92
1611 52
1612 26
1613 70
1614 98
1615 95
1616 70
1617 70
1618 37
1619 24
1620 93
1621 92
1622 92
1623 96
1624 26
1625 77
1626 36
1627 99
1628 27
1629 98
1630 51
1631 1
1632 24
1633 41
1634 33
1635 33
1636 40
1637 10
1638 10
1639 10
1640 78
1641 33
1642 31
1643 93
1644 52
1645 89
1646 52
1647 37
1648 63
1649 65
1650 87
1651 65
1652 65
1653 6
1654 65
1655 6
1656 65
1657 99
1658 65
1659 87
1660 10
1661 8
1662 92
1663 65
1664 52
1665 52
1666 31
1667 87
1668 52
1669 89
1670 52
1671 66
1672 52
1673 87
1674 99
1675 99
1676 44
1677 92
1678 52
1679 92
1680 52
1681 52
1682 52
1683 37
1684 65
1685 33
1686 34
1687 92
1688 96
1689 30
1690 58
1691 73
1692 43
1693 30
1694 49
1695 49
1696 84
1697 91
1698 91
1699 84
1700 89
1701 63
1702 62
1703 90
1704 20
1705 20
1706 20
1707 89
1708 90
1709 6
1710 73
1711 17
1712 17
1713 17
1714 17
1715 63
1716 31
1717 50
1718 20
1719 43
1720 78
1721 31
1722 84
1723 62
1724 31
1725 52
1726 63
1727 93
1728 44
1729 73
1730 52
1731 78
1732 8
1733 63
1734 31
1735 73
1736 26
1737 84
1738 62
1739 87
1740 38
1741 20
1742 76
1743 73
1744 90
1745 5
1746 8
1747 52
1748 58
1749 73
1750 50
1751 31
1752 40
1753 2
1754 59
1755 99
1756 69
1757 9
1758 5
1759 2
1760 2
1761 2
1762 2
1763 2
1764 19
1765 49
1766 83
1767 68
1768 33
1769 20
1770 11
1771 28
1772 28
1773 91
1774 91
1775 94
1776 91
1777 91
1778 18
1779 91
1780 15
1781 91
1782 99
1783 91
1784 16
1785 19
1786 48
1787 13
1788 13
1789 64
1790 38
1791 82
1792 61
1793 82
1794 20
1795 62
1796 36
1797 12
1798 85
1799 12
1800 12
1801 85
1802 85
1803 36
1804 85
1805 36
1806 62
1807 30
1808 12
1809 12
1810 46
1811 73
1812 8
1813 41
1814 59
1815 8
1816 11
1817 44
1818 12
1819 12
1820 85
1821 82
1822 62
1823 25
1824 46
1825 99
1826 12
1827 63
1828 85
1829 85
1830 62
1831 30
1832 11
1833 25
1834 10
1835 42
1836 65
1837 65
1838 5
1839 77
1840 95
1841 59
1842 72
1843 25
1844 28
1845 28
1846 95
1847 95
1848 95
1849 79
1850 1
1851 79
1852 79
1853 79
1854 1
1855 1
1856 1
1857 24
1858 1
1859 1
1860 49
1861 1
1862 1
1863 45
1864 45
1865 1
1866 79
1867 45
1868 1
1869 23
1870 88
1871 1
1872 45
1873 1
1874 1
1875 45
1876 1
1877 51
1878 79
1879 1
1880 79
1881 1
1882 39
1883 1
1884 79
1885 79
1886 79
1887 51
1888 1
1889 1
1890 51
1891 1
1892 1
1893 19
1894 51
1895 79
1896 54
1897 13
1898 50
1899 99
1900 1
1901 1
1902 1
1903 79
1904 51
1905 79
1906 79
1907 79
1908 79
1909 51
1910 66
1911 65
1912 71
1913 65
1914 20
1915 83
1916 48
1917 77
1918 77
1919 77
1920 26
1921 77
1922 77
1923 16
1924 71
1925 77
1926 23
1927 47
1928 80
1929 10
1930 21
1931 95
1932 33
1933 51
1934 19
1935 51
1936 95
1937 39
1938 14
1939 23
1940 78
1941 41
1942 70
1943 95
1944 41
1945 69
1946 95
1947 19
1948 9
1949 95
1950 70
1951 47
1952 39
1953 42
1954 7
1955 77
1956 91
1957 23
1958 7
1959 96
1960 4
1961 73
1962 18
1963 72
1964 18
1965 73
1966 73
1967 96
1968 48
1969 42
1970 5
1971 94
1972 47
1973 83
1974 47
1975 48
1976 39
1977 48
1978 73
1979 73
1980 43
1981 32
1982 53
1983 53
1984 43
1985 5
1986 93
1987 5
1988 41
1989 37
1990 83
1991 83
1992 13
1993 42
1994 59
1995 59
1996 18
1997 34
1998 96
1999 4
2000 84
2001 61
2002 3
2003 60
2004 60
2005 57
2006 60
2007 3
2008 61
2009 60
2010 81
2011 82
2012 61
2013 82
2014 81
2015 82
2016 82
2017 82
2018 82
2019 36
2020 82
2021 82
2022 82
2023 82
2024 68
2025 46
2026 12
2027 34
2028 63
2029 63
2030 78
2031 63
2032 63
2033 63
2034 34
2035 34
2036 58
2037 46
2038 63
2039 81
2040 63
2041 7
2042 21
2043 64
2044 58
2045 97
2046 62
2047 99
2048 64
2049 53
2050 43
2051 43
2052 5
2053 99
2054 64
2055 64
2056 67
2057 97
2058 61
2059 61
2060 67
2061 30
2062 62
2063 62
2064 36
2065 36
2066 59
2067 46
2068 36
2069 36
2070 36
2071 36
2072 9
2073 36
2074 36
2075 36
2076 36
2077 36
2078 12
2079 12
2080 12
2081 12
2082 12
2083 57
2084 12
2085 57
2086 36
2087 36
2088 36
2089 61
2090 36
2091 57
2092 57
2093 29
2094 36
2095 5
2096 29
2097 46
2098 29
2099 29
2100 57
2101 36
2102 36
2103 57
2104 29
2105 36
2106 36
2107 64
2108 59
2109 36
2110 92
2111 61
2112 77
2113 36
2114 62
2115 30
2116 77
2117 12
2118 57
2119 30
2120 61
2121 12
2122 57
2123 77
2124 77
2125 29
2126 29
2127 30
2128 81
2129 75
2130 81
2131 61
2132 61
2133 36
2134 36
2135 36
2136 36
2137 36
2138 25
2139 64
2140 8
2141 26
2142 84
2143 68
2144 8
2145 64
2146 97
2147 97
2148 97
2149 8
2150 84
2151 57
2152 57
2153 57
2154 82
2155 82
2156 59
2157 99
2158 47
2159 47
2160 47
2161 51
2162 51
2163 6
2164 6
2165 61
2166 12
2167 12
2168 12
2169 12
2170 40
2171 83
2172 83
2173 83
2174 6
2175 81
2176 81
2177 61
2178 61
2179 85
2180 57
2181 60
2182 57
2183 85
2184 85
2185 57
2186 60
2187 57
2188 60
2189 57
2190 60
2191 62
2192 62
2193 77
2194 10
2195 10
2196 12
2197 57
2198 76
2199 12
2200 12
2201 15
2202 7
2203 12
2204 12
2205 57
2206 60
2207 60
2208 57
2209 57
2210 32
2211 76
2212 12
2213 51
2214 57
2215 12
2216 32
2217 32
2218 32
2219 76
2220 60
2221 23
2222 35
2223 60
2224 76
2225 17
2226 42
2227 85
2228 85
2229 85
2230 85
2231 85
2232 61
2233 61
2234 42
2235 64
2236 99
2237 49
2238 17
2239 10
2240 38
2241 10
2242 81
2243 36
2244 36
2245 36
2246 81
2247 81
2248 46
2249 46
2250 46
2251 16
2252 2
2253 62
2254 76
2255 17
2256 82
2257 82
2258 82
2259 45
2260 25
2261 58
2262 84
2263 26
2264 97
2265 63
2266 84
2267 84
2268 22
2269 22
2270 38
2271 38
2272 98
2273 98
2274 26
2275 89
2276 22
2277 22
2278 69
2279 9
2280 92
2281 92
2282 97
2283 20
2284 70
2285 70
2286 52
2287 52
2288 69
2289 69
2290 69
2291 92
2292 84
2293 96
2294 92
2295 26
2296 96
2297 70
2298 92
2299 26
2300 92
2301 36
2302 28
2303 92
2304 92
2305 92
2306 53
2307 3
2308 53
2309 53
2310 53
2311 53
2312 53
2313 53
2314 86
2315 86
2316 26
2317 22
2318 86
2319 53
2320 64
2321 22
2322 11
2323 11
2324 56
2325 26
2326 84
2327 92
2328 26
2329 84
2330 84
2331 84
2332 26
2333 26
2334 41
2335 70
2336 70
2337 70
2338 97
2339 97
2340 69
2341 69
2342 69
2343 97
2344 97
2345 86
2346 86
2347 97
2348 64
2349 97
2350 64
2351 97
2352 97
2353 86
2354 97
2355 86
2356 97
2357 86
2358 97
2359 64
2360 64
2361 41
2362 62
2363 85
2364 89
2365 14
2366 76
2367 47
2368 59
2369 57
2370 14
2371 51
2372 57
2373 61
2374 85
2375 57
2376 61
2377 29
2378 81
2379 58
2380 58
2381 11
2382 11
2383 11
2384 11
2385 11
2386 73
2387 11
2388 5
2389 2
2390 33
2391 17
2392 76
2393 76
2394 18
2395 66
2396 30
2397 37
2398 71
2399 91
2400 91
2401 90
2402 50
2403 12
2404 47
2405 50
2406 83
2407 83
2408 15
2409 64
2410 30
2411 59
2412 91
2413 42
2414 48
2415 48
2416 39
2417 48
2418 48
2419 48
2420 94
2421 94
2422 21
2423 25
2424 18
2425 76
2426 28
2427 25
2428 49
2429 49
2430 67
2431 67
2432 67
2433 67
2434 23
2435 51
2436 50
2437 50
2438 47
2439 95
2440 30
2441 36
2442 93
2443 5
2444 36
2445 11
2446 68
2447 97
2448 46
2449 46
2450 43
2451 63
2452 63
2453 67
2454 67
2455 60
2456 76
2457 85
2458 12
2459 63
2460 63
2461 78
2462 78
2463 46
2464 61
2465 82
2466 46
2467 82
2468 82
2469 78
2470 64
2471 64
2472 28
2473 6
2474 6
2475 4
2476 64
2477 78
2478 78
2479 64
2480 72
2481 97
2482 93
2483 97
2484 68
2485 64
2486 64
2487 64
2488 69
2489 9
2490 9
2491 21
2492 98
2493 98
2494 98
2495 99
2496 99
2497 10
2498 33
2499 55
2500 55
2501 48
2502 48
2503 18
2504 73
2505 73
2506 73
2507 18
2508 90
2509 48
2510 91
2511 13
2512 48
2513 48
2514 6
2515 91
2516 91
2517 25
2518 25
2519 8
2520 91
2521 5
2522 73
2523 90
2524 90
2525 90
2526 26
2527 90
2528 73
2529 34
2530 34
2531 89
2532 34
2533 73
2534 73
2535 17
2536 17
2537 56
2538 4
2539 21
2540 55
2541 95
2542 83
2543 21
2544 13
2545 13
2546 11
2547 25
2548 25
2549 25
2550 56
2551 56
2552 56
2553 98
2554 98
2555 39
2556 25
2557 41
2558 41
2559 33
2560 41
2561 41
2562 70
2563 70
2564 70
2565 70
2566 72
2567 72
2568 23
2569 16
2570 72
2571 72
2572 16
2573 6
2574 6
2575 92
2576 86
2577 92
2578 75
2579 25
2580 5
2581 25
2582 80
2583 82
2584 58
2585 58
2586 4
2587 33
2588 4
2589 72
2590 33
2591 32
2592 4
2593 4
2594 50
2595 72
2596 91
2597 5
2598 42
2599 72
2600 72
2601 72
2602 3
2603 89
2604 89
2605 6
2606 15
2607 94
2608 25
2609 7
2610 46
2611 29
2612 16
2613 17
2614 77
2615 91
2616 18
2617 83
2618 61
2619 47
2620 76
2621 14
2622 7
2623 32
2624 76
2625 42
2626 10
2627 83
2628 77
2629 51
2630 5
2631 76
2632 12
2633 77
2634 7
2635 60
2636 6
2637 16
2638 6
2639 59
2640 41
2641 41
2642 93
2643 33
2644 68
2645 21
2646 16
2647 73
2648 73
2649 21
2650 21
2651 68
2652 68
2653 94
2654 94
2655 93
2656 90
2657 20
2658 96
2659 95
2660 95
2661 49
2662 49
2663 21
2664 21
2665 68
2666 68
2667 91
2668 59
2669 59
2670 91
2671 99
2672 15
2673 15
2674 91
2675 91
2676 91
2677 91
2678 72
2679 91
2680 91
2681 91
2682 34
2683 34
2684 4
2685 4
2686 91
2687 91
2688 58
2689 92
2690 92
2691 70
2692 70
2693 44
2694 44
2695 44
2696 21
2697 21
2698 33
2699 33
2700 25
2701 33
2702 33
2703 53
2704 53
2705 41
2706 21
2707 95
2708 95
2709 83
2710 99
2711 99
2712 99
2713 41
2714 41
2715 96
2716 96
2717 57
2718 57
2719 57
2720 76
2721 12
2722 12
2723 57
2724 62
2725 81
2726 12
2727 30
2728 81
2729 78
2730 81
2731 81
2732 5
2733 82
2734 29
2735 85
2736 14
2737 5
2738 14
2739 62
2740 5
2741 99
2742 81
2743 3
2744 85
2745 57
2746 94
2747 79
2748 54
2749 1
2750 40
2751 1
2752 49
2753 1
2754 1
2755 1
2756 1
2757 91
2758 91
2759 16
2760 47
2761 96
2762 32
2763 32
2764 19
2765 1
2766 4
2767 88
2768 88
2769 91
2770 39
2771 76
2772 79
2773 33
2774 12
2775 15
2776 89
2777 58
2778 6
2779 40
2780 76
2781 40
2782 40
2783 61
2784 29
2785 85
2786 85
2787 6
2788 32
2789 70
2790 14
2791 14
2792 14
2793 14
2794 6
2795 6
2796 19
2797 13
2798 13
2799 16
2800 13
2801 50
2802 32
2803 50
2804 32
2805 32
2806 91
2807 50
2808 94
2809 94
2810 91
2811 13
2812 59
2813 42
2814 18
2815 28
2816 91
2817 91
2818 91
2819 40
2820 38
2821 91
2822 42
2823 42
2824 18
2825 18
2826 59
2827 70
2828 9
2829 18
2830 19
2831 18
2832 95
2833 95
2834 25
2835 65
2836 77
2837 59
2838 31
2839 84
2840 84
2841 84
2842 50
2843 84
2844 71
2845 6
2846 50
2847 65
2848 50
2849 37
2850 72
2851 91
2852 91
2853 91
2854 32
2855 15
2856 51
2857 32
2858 32
2859 32
2860 16
2861 42
2862 51
2863 10
2864 31
2865 13
2866 16
2867 16
2868 16
2869 16
2870 26
2871 89
2872 35
2873 78
2874 99
2875 50
2876 16
2877 35
2878 89
2879 35
2880 76
2881 35
2882 81
2883 40
2884 43
2885 40
2886 81
2887 35
2888 35
2889 35
2890 61
2891 35
2892 35
2893 76
2894 35
2895 35
2896 35
2897 35
2898 6
2899 35
2900 35
2901 29
2902 35
2903 35
2904 8
2905 14
2906 8
2907 35
2908 14
2909 8
2910 8
2911 35
2912 60
2913 51
2914 75
2915 81
2916 20
2917 35
2918 14
2919 35
2920 8
2921 8
2922 14
2923 37
2924 37
2925 51
2926 51
2927 29
2928 28
2929 28
2930 9
2931 9
2932 10
2933 13
2934 13
2935 21
2936 50
2937 21
2938 33
2939 91
2940 4
2941 4
2942 16
2943 24
2944 84
2945 45
2946 45
2947 45
2948 24
2949 45
2950 24
2951 34
2952 18
2953 28
2954 34
2955 34
2956 34
2957 38
2958 45
2959 48
2960 91
2961 91
2962 45
2963 45
2964 24
2965 23
2966 5
2967 41
2968 52
2969 52
2970 87
2971 30
2972 25
2973 82
2974 99
2975 38
2976 78
2977 65
2978 20
2979 52
2980 31
2981 0
2982 21
2983 52
2984 65
2985 52
2986 96
2987 87
2988 87
2989 65
2990 87
2991 65
2992 65
2993 65
2994 87
2995 65
2996 52
2997 87
2998 61
2999 40
3000 51
3001 5
3002 53
3003 70
3004 98
3005 83
3006 87
3007 80
3008 65
3009 84
3010 87
3011 84
3012 87
3013 65
3014 65
3015 65
3016 26
3017 0
3018 65
3019 76
3020 34
3021 20
3022 87
3023 22
3024 31
3025 87
3026 87
3027 87
3028 87
3029 65
3030 52
3031 87
3032 87
3033 87
3034 84
3035 87
3036 34
3037 65
3038 71
3039 73
3040 54
3041 66
3042 52
3043 87
3044 87
3045 31
3046 87
3047 40
3048 77
3049 65
3050 87
3051 87
3052 52
3053 52
3054 25
3055 33
3056 94
3057 33
3058 33
3059 48
3060 25
3061 25
3062 33
3063 91
3064 91
3065 76
3066 34
3067 18
3068 0
3069 72
3070 70
3071 17
3072 70
3073 70
3074 70
3075 70
3076 21
3077 70
3078 21
3079 25
3080 25
3081 43
3082 43
3083 22
3084 46
3085 46
3086 67
3087 58
3088 22
3089 22
3090 6
3091 6
3092 7
3093 13
3094 7
3095 7
3096 7
3097 7
3098 42
3099 33
3100 33
3101 33
3102 95
3103 95
3104 95
3105 95
3106 48
3107 48
3108 48
3109 48
3110 49
3111 49
3112 12
3113 12
3114 12
3115 12
3116 12
3117 50
3118 33
3119 91
3120 50
3121 60
3122 42
3123 40
3124 13
3125 42
3126 13
3127 3
3128 53
3129 31
3130 65
3131 65
3132 52
3133 66
3134 66
3135 56
3136 52
3137 66
3138 4
3139 95
3140 95
3141 65
3142 52
3143 87
3144 52
3145 66
3146 78
3147 84
3148 63
3149 80
3150 92
3151 80
3152 52
3153 80
3154 80
3155 52
3156 80
3157 80
3158 52
3159 80
3160 80
3161 52
3162 80
3163 79
3164 34
3165 73
3166 67
3167 80
3168 87
3169 80
3170 80
3171 80
3172 53
3173 52
3174 80
3175 80
3176 73
3177 80
3178 80
3179 26
3180 66
3181 34
3182 96
3183 80
3184 15
3185 7
3186 85
3187 14
3188 85
3189 42
3190 85
3191 47
3192 85
3193 53
3194 53
3195 53
3196 53
3197 53
3198 53
3199 53
3200 53
3201 53
3202 53
3203 85
3204 30
3205 3
3206 58
3207 58
3208 58
3209 84
3210 0
3211 84
3212 0
3213 0
3214 34
3215 73
3216 13
3217 92
3218 58
3219 26
3220 64
3221 64
3222 64
3223 64
3224 97
3225 53
3226 63
3227 84
3228 86
3229 26
3230 34
3231 40
3232 93
3233 12
3234 48
3235 39
3236 76
3237 23
3238 23
3239 5
3240 10
3241 5
3242 10
3243 5
3244 9
3245 33
3246 10
3247 33
3248 33
3249 85
3250 72
3251 5
3252 72
3253 33
3254 72
3255 72
3256 45
3257 45
3258 19
3259 45
3260 45
3261 52
3262 65
3263 65
3264 65
3265 39
3266 50
3267 14
3268 76
3269 77
3270 77
3271 77
3272 50
3273 32
3274 32
3275 48
3276 32
3277 50
3278 50
3279 50
3280 54
3281 54
3282 95
3283 6
3284 43
3285 43
3286 98
3287 72
3288 48
3289 91
3290 41
3291 48
3292 31
3293 64
3294 81
3295 36
3296 36
3297 81
3298 81
3299 81
3300 17
3301 42
3302 10
3303 68
3304 65
3305 71
3306 53
3307 53
3308 39
3309 16
3310 16
3311 91
3312 77
3313 48
3314 4
3315 42
3316 96
3317 16
3318 16
3319 51
3320 16
3321 16
3322 68
3323 95
3324 95
3325 5
3326 33
3327 33
3328 40
3329 40
3330 6
3331 48
3332 7
3333 7
3334 55
3335 55
3336 32
3337 32
3338 41
3339 33
3340 72
3341 48
3342 48
3343 19
3344 28
3345 40
3346 40
3347 97
3348 75
3349 28
3350 28
3351 99
3352 99
3353 92
3354 33
3355 69
3356 61
3357 14
3358 76
3359 48
3360 61
3361 61
3362 78
3363 30
3364 20
3365 57
3366 18
3367 41
3368 62
3369 57
3370 40
3371 62
3372 12
3373 99
3374 99
3375 62
3376 12
3377 12
3378 99
3379 12
3380 7
3381 85
3382 12
3383 56
3384 56
3385 56
3386 56
3387 46
3388 29
3389 82
3390 82
3391 82
3392 82
3393 70
3394 94
3395 95
3396 98
3397 98
3398 70
3399 97
3400 70
3401 18
3402 84
3403 71
3404 31
3405 26
3406 44
3407 90
3408 84
3409 84
3410 71
3411 68
3412 72
3413 96
3414 83
3415 57
3416 57
3417 20
3418 60
3419 57
3420 57
3421 57
3422 46
3423 36
3424 6
3425 36
3426 6
3427 6
3428 6
3429 6
3430 12
3431 57
3432 29
3433 12
3434 12
3435 49
3436 16
3437 60
3438 89
3439 76
3440 75
3441 35
3442 76
3443 76
3444 89
3445 89
3446 81
3447 81
3448 60
3449 60
3450 60
3451 77
3452 39
3453 50
3454 29
3455 60
3456 60
3457 50
3458 6
3459 6
3460 6
3461 82
3462 10
3463 47
3464 4
3465 50
3466 23
3467 39
3468 28
3469 49
3470 40
3471 76
3472 40
3473 5
3474 16
3475 5
3476 37
3477 29
3478 29
3479 21
3480 21
3481 21
3482 51
3483 51
3484 41
3485 96
3486 26
3487 12
3488 6
3489 51
3490 16
3491 7
3492 41
3493 17
3494 83
3495 34
3496 0
3497 96
3498 17
3499 41
3500 5
3501 34
3502 96
3503 96
3504 96
3505 96
3506 41
3507 96
3508 12
3509 23
3510 23
3511 76
3512 40
3513 77
3514 63
3515 26
3516 86
3517 86
3518 61
3519 78
3520 90
3521 30
3522 90
3523 44
3524 38
3525 78
3526 78
3527 30
3528 78
3529 63
3530 60
3531 90
3532 44
3533 61
3534 44
3535 44
3536 85
3537 20
3538 20
3539 62
3540 20
3541 42
3542 51
3543 85
3544 42
3545 90
3546 85
3547 20
3548 12
3549 95
3550 70
3551 70
3552 19
3553 19
3554 19
3555 99
3556 99
3557 51
3558 37
3559 77
3560 49
3561 11
3562 49
3563 68
3564 18
3565 68
3566 4
3567 4
3568 82
3569 16
3570 16
3571 17
3572 25
3573 78
3574 99
3575 40
3576 9
3577 37
3578 9
3579 17
3580 18
3581 33
3582 33
3583 33
3584 57
3585 60
3586 85
3587 85
3588 85
3589 35
3590 86
3591 86
3592 64
3593 86
3594 86
3595 25
3596 25
3597 64
3598 29
3599 64
3600 64
3601 93
3602 58
3603 64
3604 58
3605 9
3606 46
3607 46
3608 63
3609 62
3610 46
3611 46
3612 58
3613 58
3614 64
3615 64
3616 64
3617 58
3618 27
3619 27
3620 27
3621 44
3622 43
3623 8
3624 78
3625 46
3626 58
3627 5
3628 27
3629 30
3630 30
3631 81
3632 81
3633 76
3634 54
3635 25
3636 21
3637 97
3638 84
3639 25
3640 67
3641 12
3642 12
3643 29
3644 46
3645 46
3646 46
3647 58
3648 36
3649 2
3650 29
3651 50
3652 12
3653 50
3654 57
3655 50
3656 50
3657 20
3658 83
3659 21
3660 56
3661 94
3662 94
3663 56
3664 70
3665 56
3666 56
3667 91
3668 91
3669 67
3670 67
3671 67
3672 26
3673 98
3674 64
3675 97
3676 97
3677 97
3678 97
3679 97
3680 97
3681 98
3682 98
3683 46
3684 46
3685 46
3686 64
3687 75
3688 75
3689 97
3690 58
3691 97
3692 26
3693 26
3694 26
3695 97
3696 97
3697 64
3698 97
3699 64
3700 97
3701 97
3702 97
3703 59
3704 62
3705 62
3706 67
3707 46
3708 67
3709 46
3710 2
3711 58
3712 22
3713 58
3714 36
3715 36
3716 38
3717 82
3718 58
3719 99
3720 99
3721 97
3722 38
3723 26
3724 26
3725 26
3726 58
3727 63
3728 92
3729 92
3730 64
3731 97
3732 97
3733 97
3734 97
3735 1
3736 49
3737 42
3738 42
3739 7
3740 7
3741 37
3742 91
3743 91
3744 28
3745 28
3746 49
3747 49
3748 59
3749 49
3750 95
3751 18
3752 19
3753 37
3754 41
3755 95
3756 95
3757 47
3758 33
3759 33
3760 13
3761 13
3762 10
3763 10
3764 9
3765 16
3766 91
3767 15
3768 23
3769 95
3770 95
3771 95
3772 22
3773 96
3774 95
3775 97
3776 16
3777 16
3778 3
3779 11
3780 5
3781 5
3782 5
3783 11
3784 3
3785 5
3786 50
3787 7
3788 7
3789 68
3790 68
3791 14
3792 48
3793 14
3794 98
3795 41
3796 70
3797 68
3798 41
3799 55
3800 28
3801 56
3802 40
3803 41
3804 55
3805 4
3806 48
3807 48
3808 21
3809 59
3810 91
3811 49
3812 91
3813 98
3814 98
3815 98
3816 98
3817 72
3818 70
3819 72
3820 72
3821 98
3822 56
3823 48
3824 42
3825 72
3826 33
3827 16
3828 16
3829 77
3830 7
3831 77
3832 83
3833 77
3834 90
3835 90
3836 90
3837 77
3838 77
3839 50
3840 50
3841 50
3842 50
3843 6
3844 6
3845 50
3846 50
3847 77
3848 55
3849 13
3850 32
3851 32
3852 28
3853 77
3854 13
3855 55
3856 15
3857 39
3858 10
3859 50
3860 55
3861 31
3862 39
3863 31
3864 90
3865 15
3866 15
3867 15
3868 15
3869 55
3870 55
3871 5
3872 31
3873 50
3874 50
3875 55
3876 31
3877 15
3878 15
3879 15
3880 72
3881 76
3882 17
3883 4
3884 76
3885 72
3886 83
3887 32
3888 32
3889 76
3890 22
3891 72
3892 77
3893 9
3894 33
3895 91
3896 9
3897 97
3898 41
3899 0
3900 97
3901 0
3902 33
3903 41
3904 87
3905 84
3906 19
3907 96
3908 98
3909 0
3910 21
3911 37
3912 0
3913 91
3914 98
3915 19
3916 19
3917 0
3918 56
3919 0
3920 21
3921 96
3922 0
3923 0
3924 9
3925 91
3926 5
3927 41
3928 0
3929 19
3930 0
3931 0
3932 0
3933 0
3934 96
3935 98
3936 98
3937 0
3938 96
3939 96
3940 21
3941 9
3942 98
3943 0
3944 19
3945 0
3946 55
3947 83
3948 96
3949 98
3950 0
3951 21
3952 0
3953 96
3954 0
3955 25
3956 0
3957 21
3958 84
3959 0
3960 21
3961 0
3962 55
3963 41
3964 98
3965 0
3966 98
3967 0
3968 0
3969 37
3970 0
3971 21
3972 98
3973 25
3974 41
3975 55
3976 73
3977 93
3978 16
3979 73
3980 73
3981 7
3982 42
3983 42
3984 91
3985 80
3986 17
3987 80
3988 83
3989 83
3990 42
3991 84
3992 49
3993 95
3994 91
3995 33
3996 21
3997 72
3998 91
3999 94
4000 6
4001 50
4002 6
4003 48
4004 48
4005 48
4006 48
4007 48
4008 28
4009 71
4010 50
4011 47
4012 32
4013 32
4014 77
4015 77
4016 77
4017 44
4018 63
4019 63
4020 15
4021 47
4022 47
4023 15
4024 15
4025 47
4026 15
4027 48
4028 15
4029 15
4030 91
4031 48
4032 48
4033 14
4034 48
4035 48
4036 48
4037 60
4038 47
4039 66
4040 13
4041 63
4042 99
4043 42
4044 28
4045 50
4046 73
4047 91
4048 41
4049 33
4050 90
4051 33
4052 48
4053 48
4054 48
4055 28
4056 73
4057 73
4058 91
4059 13
4060 9
4061 95
4062 55
4063 55
4064 95
4065 21
4066 95
4067 41
4068 55
4069 73
4070 55
4071 23
4072 48
4073 23
4074 60
4075 77
4076 77
4077 48
4078 31
4079 31
4080 7
4081 17
4082 30
4083 30
4084 30
4085 9
4086 98
4087 21
4088 9
4089 55
4090 19
4091 68
4092 69
4093 2
4094 2
4095 97
4096 83
4097 41
4098 21
4099 41
4100 96
4101 45
4102 6
4103 45
4104 45
4105 26
4106 73
4107 49
4108 98
4109 58
4110 98
4111 28
4112 92
4113 92
4114 98
4115 98
4116 98
4117 5
4118 18
4119 95
4120 88
4121 88
4122 9
4123 21
4124 84
4125 41
4126 70
4127 97
4128 21
4129 21
4130 21
4131 21
4132 21
4133 21
4134 36
4135 36
4136 36
4137 99
4138 99
4139 78
4140 90
4141 97
4142 25
4143 78
4144 30
4145 37
4146 21
4147 21
4148 91
4149 91
4150 18
4151 18
4152 91
4153 91
4154 55
4155 83
4156 55
4157 62
4158 78
4159 57
4160 81
4161 57
4162 81
4163 82
4164 82
4165 82
4166 61
4167 12
4168 12
4169 15
4170 15
4171 39
4172 6
4173 39
4174 39
4175 39
4176 77
4177 48
4178 40
4179 23
4180 23
4181 40
4182 40
4183 50
4184 17
4185 15
4186 16
4187 43
4188 89
4189 68
4190 81
4191 3
4192 22
4193 78
4194 22
4195 95
4196 2
4197 95
4198 2
4199 5
4200 5
4201 64
4202 59
4203 95
4204 5
4205 28
4206 59
4207 59
4208 47
4209 39
4210 77
4211 42
4212 77
4213 32
4214 32
4215 16
4216 23
4217 23
4218 40
4219 31
4220 83
4221 31
4222 18
4223 18
4224 31
4225 89
4226 89
4227 44
4228 57
4229 57
4230 23
4231 76
4232 63
4233 20
4234 20
4235 14
4236 97
4237 86
4238 38
4239 20
4240 86
4241 67
4242 89
4243 38
4244 20
4245 38
4246 86
4247 20
4248 38
4249 78
4250 86
4251 97
4252 67
4253 89
4254 89
4255 89
4256 89
4257 38
4258 38
4259 20
4260 20
4261 38
4262 53
4263 38
4264 67
4265 86
4266 86
4267 20
4268 20
4269 89
4270 86
4271 67
4272 20
4273 86
4274 67
4275 20
4276 86
4277 80
4278 44
4279 89
4280 67
4281 20
4282 43
4283 27
4284 44
4285 89
4286 53
4287 38
4288 89
4289 20
4290 44
4291 61
4292 78
4293 20
4294 20
4295 60
4296 53
4297 53
4298 38
4299 53
4300 86
4301 8
4302 20
4303 20
4304 80
4305 20
4306 86
4307 67
4308 38
4309 38
4310 20
4311 20
4312 60
4313 60
4314 60
4315 38
4316 63
4317 36
4318 36
4319 30
4320 27
4321 27
4322 27
4323 27
4324 74
4325 80
4326 27
4327 36
4328 25
4329 36
4330 63
4331 63
4332 99
4333 46
4334 78
4335 36
4336 36
4337 25
4338 63
4339 44
4340 99
4341 60
4342 77
4343 31
4344 40
4345 41
4346 68
4347 9
4348 95
4349 9
4350 83
4351 18
4352 95
4353 79
4354 79
4355 70
4356 70
4357 95
4358 9
4359 41
4360 97
4361 70
4362 9
4363 9
4364 83
4365 9
4366 91
4367 70
4368 84
4369 26
4370 8
4371 89
4372 56
4373 97
4374 92
4375 0
4376 95
4377 21
4378 95
4379 95
4380 91
4381 3
4382 18
4383 18
4384 91
4385 29
4386 48
4387 73
4388 63
4389 71
4390 18
4391 90
4392 52
4393 48
4394 59
4395 18
4396 59
4397 34
4398 84
4399 55
4400 80
4401 73
4402 73
4403 73
4404 45
4405 79
4406 18
4407 18
4408 71
4409 18
4410 18
4411 18
4412 22
4413 70
4414 17
4415 79
4416 51
4417 25
4418 41
4419 70
4420 39
4421 70
4422 11
4423 70
4424 70
4425 70
4426 79
4427 88
4428 4
4429 88
4430 54
4431 45
4432 88
4433 45
4434 18
4435 48
4436 48
4437 45
4438 24
4439 45
4440 45
4441 18
4442 18
4443 18
4444 18
4445 25
4446 37
4447 95
4448 95
4449 95
4450 95
4451 68
4452 68
4453 68
4454 13
4455 13
4456 98
4457 28
4458 19
4459 42
4460 42
4461 28
4462 59
4463 72
4464 59
4465 49
4466 59
4467 45
4468 45
4469 54
4470 54
4471 24
4472 34
4473 21
4474 2
4475 41
4476 41
4477 68
4478 68
4479 38
4480 69
4481 69
4482 52
4483 80
4484 66
4485 34
4486 44
4487 52
4488 58
4489 0
4490 80
4491 65
4492 65
4493 65
4494 26
4495 26
4496 52
4497 52
4498 65
4499 66
4500 66
4501 66
4502 66
4503 66
4504 87
4505 65
4506 65
4507 91
4508 48
4509 48
4510 83
4511 83
4512 83
4513 56
4514 56
4515 56
4516 64
4517 64
4518 56
4519 56
4520 70
4521 64
4522 56
4523 95
4524 20
4525 20
4526 20
4527 18
4528 55
4529 26
4530 68
4531 3
4532 41
4533 44
4534 90
4535 39
4536 10
4537 48
4538 50
4539 48
4540 50
4541 50
4542 76
4543 7
4544 14
4545 50
4546 50
4547 83
4548 21
4549 4
4550 99
4551 95
4552 21
4553 18
4554 99
4555 99
4556 21
4557 4
4558 25
4559 73
4560 99
4561 0
4562 19
4563 65
4564 26
4565 65
4566 65
4567 65
4568 66
4569 65
4570 52
4571 65
4572 65
4573 74
4574 68
4575 18
4576 68
4577 64
4578 8
4579 64
4580 46
4581 46
4582 8
4583 64
4584 90
4585 90
4586 59
4587 13
4588 7
4589 94
4590 99
4591 48
4592 48
4593 2
4594 2
4595 9
4596 9
4597 28
4598 28
4599 54
4600 54
4601 87
4602 87
4603 7
4604 7
4605 32
4606 20
4607 33
4608 33
4609 33
4610 50
4611 37
4612 91
4613 48
4614 50
4615 63
4616 63
4617 14
4618 13
4619 51
4620 51
4621 42
4622 4
4623 13
4624 28
4625 28
4626 28
4627 28
4628 83
4629 3
4630 97
4631 48
4632 91
4633 18
4634 91
4635 26
4636 91
4637 91
4638 91
4639 91
4640 91
4641 91
4642 91
4643 48
4644 77
4645 48
4646 48
4647 48
4648 48
4649 48
4650 94
4651 48
4652 0
4653 0
4654 0
4655 50
4656 17
4657 33
4658 13
4659 6
4660 19
4661 15
4662 95
4663 33
4664 18
4665 18
4666 33
4667 72
4668 33
4669 16
4670 17
4671 30
4672 16
4673 42
4674 19
4675 50
4676 77
4677 13
4678 94
4679 42
4680 16
4681 91
4682 91
4683 96
4684 42
4685 42
4686 42
4687 42
4688 52
4689 52
4690 52
4691 72
4692 42
4693 72
4694 72
4695 42
4696 25
4697 5
4698 99
4699 99
4700 21
4701 50
4702 50
4703 50
4704 15
4705 99
4706 86
4707 48
4708 31
4709 18
4710 0
4711 15
4712 99
4713 37
4714 77
4715 42
4716 42
4717 50
4718 40
4719 42
4720 90
4721 90
4722 9
4723 37
4724 90
4725 90
4726 90
4727 13
4728 59
4729 34
4730 34
4731 59
4732 34
4733 22
4734 31
4735 34
4736 99
4737 34
4738 59
4739 28
4740 91
4741 90
4742 31
4743 42
4744 50
4745 31
4746 77
4747 41
4748 41
4749 41
4750 56
4751 21
4752 21
4753 21
4754 21
4755 48
4756 22
4757 69
4758 97
4759 98
4760 22
4761 41
4762 68
4763 91
4764 95
4765 68
4766 41
4767 95
4768 91
4769 69
4770 91
4771 10
4772 13
4773 13
4774 72
4775 21
4776 18
4777 26
4778 61
4779 65
4780 65
4781 65
4782 94
4783 1
4784 79
4785 1
4786 18
4787 79
4788 59
4789 68
4790 68
4791 22
4792 22
4793 90
4794 90
4795 16
4796 25
4797 32
4798 4
4799 33
4800 39
4801 33
4802 4
4803 19
4804 55
4805 21
4806 83
4807 23
4808 10
4809 6
4810 4
4811 4
4812 15
4813 15
4814 85
4815 15
4816 15
4817 5
4818 16
4819 16
4820 15
4821 78
4822 30
4823 43
4824 43
4825 43
4826 43
4827 43
4828 25
4829 76
4830 33
4831 33
4832 59
4833 59
4834 25
4835 25
4836 25
4837 28
4838 28
4839 28
4840 49
4841 50
4842 32
4843 79
4844 1
4845 41
4846 41
4847 28
4848 5
4849 25
4850 25
4851 33
4852 64
4853 41
4854 91
4855 72
4856 33
4857 41
4858 37
4859 11
4860 64
4861 25
4862 5
4863 91
4864 11
4865 29
4866 6
4867 6
4868 6
4869 99
4870 2
4871 25
4872 25
4873 25
4874 99
4875 2
4876 25
4877 25
4878 2
4879 2
4880 42
4881 82
4882 29
4883 46
4884 25
4885 25
4886 2
4887 72
4888 99
4889 16
4890 59
4891 5
4892 99
4893 11
4894 11
4895 2
4896 42
4897 82
4898 99
4899 30
4900 29
4901 85
4902 99
4903 41
4904 41
4905 5
4906 91
4907 5
4908 28
4909 41
4910 3
4911 97
4912 58
4913 37
4914 58
4915 41
4916 99
4917 61
4918 99
4919 6
4920 2
4921 29
4922 16
4923 16
4924 11
4925 99
4926 2
4927 5
4928 44
4929 91
4930 58
4931 5
4932 41
4933 30
4934 41
4935 41
4936 25
4937 58
4938 11
4939 8
4940 5
4941 41
4942 37
4943 94
4944 72
4945 93
4946 5
4947 28
4948 28
4949 72
4950 5
4951 25
4952 25
4953 90
4954 72
4955 11
4956 28
4957 5
4958 5
4959 13
4960 13
4961 28
4962 13
4963 76
4964 21
4965 91
4966 9
4967 37
4968 95
4969 48
4970 48
4971 48
4972 48
4973 77
4974 77
4975 10
4976 32
4977 32
4978 7
4979 7
4980 7
4981 60
4982 17
4983 23
4984 23
4985 17
4986 17
4987 72
4988 98
4989 98
4990 98
4991 31
4992 31
4993 31
4994 63
4995 18
4996 47
4997 10
4998 48
4999 77
5000 47
5001 20
5002 59
5003 91
5004 25
5005 28
5006 22
5007 72
5008 10
5009 32
5010 28
5011 28
5012 28
5013 50
5014 47
5015 77
5016 32
5017 32
5018 44
5019 52
5020 65
5021 65
5022 31
5023 32
5024 31
5025 31
5026 31
5027 41
5028 83
5029 83
5030 83
5031 83
5032 83
5033 83
5034 83
5035 83
5036 83
5037 83
5038 0
5039 40
5040 40
5041 17
5042 4
5043 26
5044 33
5045 84
5046 73
5047 73
5048 0
5049 73
5050 0
5051 52
5052 65
5053 65
5054 51
5055 51
5056 51
5057 33
5058 33
5059 28
5060 28
5061 28
5062 28
5063 28
5064 37
5065 28
5066 91
5067 50
5068 39
5069 72
5070 50
5071 34
5072 75
5073 63
5074 63
5075 70
5076 48
5077 28
5078 91
5079 91
5080 41
5081 56
5082 56
5083 41
5084 41
5085 41
5086 21
5087 21
5088 97
5089 69
5090 2
5091 25
5092 2
5093 97
5094 18
5095 68
5096 56
5097 69
5098 70
5099 70
5100 70
5101 70
5102 70
5103 69
5104 70
5105 70
5106 70
5107 21
5108 21
5109 97
5110 97
5111 83
5112 41
5113 41
5114 41
5115 86
5116 86
5117 86
5118 22
5119 58
5120 64
5121 64
5122 99
5123 64
5124 22
5125 99
5126 64
5127 38
5128 25
5129 37
5130 11
5131 68
5132 20
5133 58
5134 60
5135 38
5136 64
5137 58
5138 58
5139 20
5140 38
5141 38
5142 53
5143 64
5144 11
5145 86
5146 64
5147 64
5148 64
5149 64
5150 58
5151 64
5152 64
5153 54
5154 54
5155 54
5156 54
5157 54
5158 65
5159 65
5160 48
5161 89
5162 80
5163 87
5164 62
5165 41
5166 65
5167 52
5168 65
5169 87
5170 31
5171 31
5172 65
5173 75
5174 65
5175 52
5176 65
5177 87
5178 93
5179 93
5180 43
5181 42
5182 91
5183 42
5184 50
5185 48
5186 21
5187 68
5188 40
5189 68
5190 95
5191 37
5192 18
5193 21
5194 21
5195 48
5196 21
5197 21
5198 15
5199 91
5200 91
5201 42
5202 91
5203 91
5204 94
5205 94
5206 43
5207 43
5208 15
5209 15
5210 48
5211 48
5212 47
5213 47
5214 43
5215 43
5216 30
5217 30
5218 18
5219 59
5220 59
5221 59
5222 91
5223 42
5224 42
5225 42
5226 42
5227 13
5228 2
5229 18
5230 18
5231 7
5232 43
5233 43
5234 91
5235 91
5236 91
5237 91
5238 94
5239 94
5240 91
5241 2
5242 33
5243 33
5244 33
5245 11
5246 56
5247 56
5248 90
5249 59
5250 21
5251 59
5252 59
5253 59
5254 59
5255 59
5256 95
5257 95
5258 95
5259 33
5260 25
5261 17
5262 41
5263 37
5264 37
5265 37
5266 90
5267 90
5268 65
5269 96
5270 73
5271 95
5272 98
5273 65
5274 65
5275 65
5276 98
5277 65
5278 65
5279 65
5280 65
5281 65
5282 65
5283 98
5284 98
5285 98
5286 65
5287 49
5288 95
5289 98
5290 21
5291 98
5292 98
5293 65
5294 9
5295 98
5296 9
5297 49
5298 98
5299 98
5300 65
5301 41
5302 2
5303 90
5304 98
5305 21
5306 98
5307 65
5308 87
5309 92
5310 64
5311 5
5312 38
5313 38
5314 79
5315 24
5316 79
5317 79
5318 24
5319 52
5320 28
5321 28
5322 28
5323 28
5324 28
5325 73
5326 0
5327 7
5328 81
5329 7
5330 76
5331 76
5332 77
5333 57
5334 61
5335 62
5336 35
5337 35
5338 57
5339 14
5340 47
5341 47
5342 60
5343 76
5344 35
5345 40
5346 40
5347 30
5348 30
5349 57
5350 85
5351 57
5352 16
5353 71
5354 79
5355 71
5356 96
5357 95
5358 71
5359 32
5360 18
5361 71
5362 77
5363 84
5364 69
5365 16
5366 30
5367 10
5368 60
5369 60
5370 83
5371 42
5372 47
5373 94
5374 22
5375 22
5376 3
5377 83
5378 41
5379 97
5380 69
5381 70
5382 41
5383 97
5384 41
5385 41
5386 18
5387 93
5388 69
5389 33
5390 41
5391 69
5392 96
5393 95
5394 97
5395 41
5396 69
5397 70
5398 91
5399 18
5400 22
5401 97
5402 41
5403 69
5404 41
5405 41
5406 26
5407 26
5408 89
5409 79
5410 18
5411 41
5412 11
5413 28
5414 25
5415 41
5416 11
5417 64
5418 58
5419 75
5420 25
5421 99
5422 20
5423 35
5424 64
5425 64
5426 25
5427 64
5428 41
5429 25
5430 75
5431 99
5432 64
5433 25
5434 25
5435 22
5436 78
5437 64
5438 58
5439 58
5440 25
5441 41
5442 5
5443 25
5444 25
5445 25
5446 97
5447 64
5448 75
5449 25
5450 25
5451 41
5452 25
5453 25
5454 58
5455 64
5456 25
5457 64
5458 78
5459 22
5460 25
5461 25
5462 64
5463 64
5464 64
5465 64
5466 3
5467 99
5468 68
5469 68
5470 1
5471 1
5472 68
5473 41
5474 9
5475 69
5476 41
5477 25
5478 98
5479 98
5480 98
5481 56
5482 37
5483 70
5484 19
5485 70
5486 21
5487 69
5488 69
5489 69
5490 69
5491 70
5492 97
5493 98
5494 97
5495 21
5496 69
5497 86
5498 56
5499 41
5500 41
5501 41
5502 97
5503 70
5504 9
5505 21
5506 21
5507 69
5508 95
5509 95
5510 3
5511 37
5512 37
5513 83
5514 3
5515 25
5516 97
5517 25
5518 3
5519 68
5520 68
5521 70
5522 95
5523 21
5524 98
5525 70
5526 48
5527 48
5528 95
5529 19
5530 68
5531 68
5532 68
5533 7
5534 7
5535 73
5536 73
5537 73
5538 73
5539 21
5540 21
5541 73
5542 73
5543 68
5544 68
5545 68
5546 19
5547 68
5548 68
5549 95
5550 9
5551 83
5552 9
5553 19
5554 95
5555 95
5556 95
5557 21
5558 95
5559 95
5560 95
5561 95
5562 73
5563 73
5564 21
5565 21
5566 73
5567 73
5568 73
5569 73
5570 95
5571 2
5572 95
5573 2
5574 68
5575 76
5576 76
5577 76
5578 4
5579 89
5580 41
5581 9
5582 10
5583 18
5584 18
5585 18
5586 68
5587 68
5588 68
5589 24
5590 24
5591 24
5592 18
5593 18
5594 95
5595 68
5596 24
5597 59
5598 49
5599 1
5600 54
5601 54
5602 54
5603 1
5604 84
5605 84
5606 19
5607 41
5608 41
5609 41
5610 84
5611 18
5612 0
5613 0
5614 18
5615 18
5616 95
5617 95
5618 95
5619 19
5620 97
5621 97
5622 97
5623 0
5624 86
5625 25
5626 95
5627 95
5628 19
5629 19
5630 19
5631 95
5632 95
5633 19
5634 19
5635 9
5636 9
5637 9
5638 55
5639 84
5640 41
5641 84
5642 41
5643 34
5644 34
5645 69
5646 41
5647 0
5648 25
5649 26
5650 31
5651 25
5652 25
5653 18
5654 13
5655 18
5656 84
5657 34
5658 9
5659 70
5660 69
5661 70
5662 70
5663 70
5664 55
5665 41
5666 70
5667 56
5668 41
5669 69
5670 56
5671 70
5672 56
5673 70
5674 41
5675 3
5676 70
5677 41
5678 97
5679 97
5680 89
5681 70
5682 5
5683 93
5684 26
5685 91
5686 41
5687 84
5688 21
5689 25
5690 42
5691 42
5692 56
5693 69
5694 70
5695 98
5696 35
5697 73
5698 44
5699 37
5700 25
5701 81
5702 44
5703 75
5704 75
5705 67
5706 22
5707 21
5708 44
5709 78
5710 44
5711 78
5712 58
5713 20
5714 58
5715 79
5716 41
5717 72
5718 70
5719 70
5720 70
5721 70
5722 55
5723 98
5724 94
5725 56
5726 83
5727 31
5728 33
5729 48
5730 59
5731 91
5732 33
5733 26
5734 93
5735 43
5736 44
5737 44
5738 44
5739 98
5740 9
5741 70
5742 97
5743 83
5744 25
5745 68
5746 56
5747 13
5748 98
5749 98
5750 56
5751 56
5752 21
5753 18
5754 18
5755 26
5756 21
5757 26
5758 18
5759 18
5760 18
5761 13
5762 13
5763 8
5764 8
5765 35
5766 57
5767 57
5768 28
5769 18
5770 48
5771 47
5772 16
5773 47
5774 48
5775 48
5776 48
5777 48
5778 48
5779 48
5780 48
5781 47
5782 32
5783 47
5784 42
5785 42
5786 42
5787 42
5788 23
5789 28
5790 28
5791 42
5792 42
5793 42
5794 14
5795 50
5796 50
5797 77
5798 10
5799 39
5800 31
5801 13
5802 48
5803 48
5804 18
5805 42
5806 91
5807 77
5808 77
5809 50
5810 77
5811 77
5812 95
5813 72
5814 50
5815 50
5816 50
5817 50
5818 50
5819 16
5820 16
5821 16
5822 16
5823 16
5824 15
5825 32
5826 16
5827 16
5828 16
5829 16
5830 95
5831 16
5832 95
5833 16
5834 55
5835 89
5836 95
5837 16
5838 77
5839 95
5840 6
5841 89
5842 16
5843 15
5844 15
5845 77
5846 15
5847 50
5848 16
5849 16
5850 16
5851 89
5852 37
5853 13
5854 13
5855 13
5856 20
5857 77
5858 31
5859 77
5860 7
5861 39
5862 40
5863 50
5864 40
5865 50
5866 40
5867 51
5868 91
5869 5
5870 5
5871 42
5872 42
5873 16
5874 16
5875 16
5876 16
5877 32
5878 32
5879 32
5880 47
5881 51
5882 51
5883 51
5884 51
5885 51
5886 51
5887 51
5888 51
5889 73
5890 48
5891 13
5892 28
5893 28
5894 28
5895 28
5896 28
5897 48
5898 91
5899 91
5900 6
5901 48
5902 48
5903 68
5904 50
5905 48
5906 91
5907 50
5908 33
5909 42
5910 42
5911 94
5912 91
5913 77
5914 42
5915 2
5916 2
5917 20
5918 28
5919 82
5920 42
5921 82
5922 97
5923 99
5924 19
5925 19
5926 8
5927 8
5928 8
5929 4
5930 93
5931 93
5932 93
5933 8
5934 8
5935 79
5936 63
5937 23
5938 23
5939 48
5940 91
5941 98
5942 91
5943 91
5944 13
5945 4
5946 6
5947 16
5948 16
5949 4
5950 6
5951 13
5952 16
5953 10
5954 31
5955 57
5956 81
5957 81
5958 81
5959 81
5960 62
5961 63
5962 23
5963 23
5964 23
5965 23
5966 23
5967 23
5968 75
5969 82
5970 25
5971 64
5972 16
5973 5
5974 46
5975 57
5976 30
5977 96
5978 69
5979 48
5980 48
5981 43
5982 22
5983 37
5984 43
5985 14
5986 37
5987 37
5988 78
5989 25
5990 81
5991 67
5992 67
5993 67
5994 59
5995 67
5996 67
5997 64
5998 64
5999 58
6000 96
6001 67
6002 99
6003 64
6004 61
6005 61
6006 15
6007 61
6008 15
6009 15
6010 25
6011 22
6012 22
6013 22
6014 36
6015 22
6016 36
6017 94
6018 5
6019 5
6020 5
6021 61
6022 5
6023 5
6024 30
6025 20
6026 20
6027 20
6028 30
6029 29
6030 15
6031 82
6032 81
6033 15
6034 40
6035 15
6036 29
6037 29
6038 46
6039 85
6040 36
6041 36
6042 36
6043 71
6044 38
6045 62
6046 62
6047 36
6048 36
6049 36
6050 31
6051 31
6052 76
6053 31
6054 31
6055 78
6056 76
6057 36
6058 36
6059 88
6060 88
6061 24
6062 79
6063 81
6064 61
6065 15
6066 36
6067 36
6068 81
6069 31
6070 63
6071 81
6072 63
6073 63
6074 63
6075 61
6076 61
6077 32
6078 32
6079 46
6080 30
6081 85
6082 46
6083 68
6084 58
6085 46
6086 46
6087 85
6088 12
6089 40
6090 40
6091 40
6092 54
6093 54
6094 54
6095 70
6096 25
6097 67
6098 5
6099 5
6100 5
6101 97
6102 64
6103 34
6104 34
6105 24
6106 24
6107 70
6108 87
6109 52
6110 65
6111 87
6112 65
6113 31
6114 31
6115 64
6116 81
6117 44
6118 76
6119 30
6120 31
6121 81
6122 87
6123 52
6124 52
6125 65
6126 65
6127 2
6128 2
6129 2
6130 2
6131 2
6132 2
6133 2
6134 86
6135 44
6136 92
6137 92
6138 65
6139 44
6140 75
6141 0
6142 86
6143 85
6144 15
6145 73
6146 93
6147 90
6148 83
6149 30
6150 21
6151 6
6152 50
6153 6
6154 7
6155 7
6156 7
6157 50
6158 30
6159 83
6160 90
6161 73
6162 56
6163 68
6164 56
6165 97
6166 55
6167 40
6168 37
6169 37
6170 56
6171 98
6172 56
6173 56
6174 44
6175 54
6176 54
6177 98
6178 25
6179 5
6180 69
6181 32
6182 73
6183 48
6184 54
6185 54
6186 0
6187 17
6188 56
6189 55
6190 56
6191 41
6192 70
6193 70
6194 41
6195 17
6196 56
6197 40
6198 0
6199 0
6200 0
6201 0
6202 0
6203 34
6204 44
6205 30
6206 34
6207 73
6208 73
6209 31
6210 83
6211 93
6212 90
6213 73
6214 83
6215 77
6216 17
6217 72
6218 17
6219 83
6220 37
6221 83
6222 50
6223 17
6224 54
6225 56
6226 4
6227 17
6228 68
6229 54
6230 92
6231 34
6232 92
6233 77
6234 33
6235 28
6236 16
6237 16
6238 4
6239 97
6240 56
6241 24
6242 24
6243 91
6244 28
6245 28
6246 26
6247 38
6248 92
6249 92
6250 92
6251 92
6252 73
6253 92
6254 92
6255 71
6256 71
6257 93
6258 85
6259 71
6260 71
6261 41
6262 69
6263 69
6264 69
6265 69
6266 41
6267 69
6268 37
6269 98
6270 69
6271 69
6272 69
6273 41
6274 40
6275 37
6276 34
6277 84
6278 75
6279 75
6280 75
6281 75
6282 75
6283 75
6284 2
6285 68
6286 20
6287 78
6288 38
6289 87
6290 50
6291 30
6292 80
6293 51
6294 51
6295 92
6296 22
6297 51
6298 51
6299 51
6300 51
6301 30
6302 17
6303 51
6304 68
6305 9
6306 98
6307 19
6308 10
6309 78
6310 37
6311 61
6312 37
6313 3
6314 61
6315 90
6316 73
6317 73
6318 25
6319 54
6320 1
6321 1
6322 1
6323 33
6324 83
6325 41
6326 4
6327 10
6328 17
6329 83
6330 10
6331 91
6332 68
6333 18
6334 41
6335 68
6336 34
6337 9
6338 10
6339 32
6340 69
6341 73
6342 73
6343 97
6344 97
6345 97
6346 97
6347 97
6348 64
6349 45
6350 45
6351 41
6352 97
6353 68
6354 25
6355 91
6356 91
6357 95
6358 95
6359 95
6360 45
6361 88
6362 38
6363 36
6364 20
6365 20
6366 61
6367 36
6368 78
6369 38
6370 38
6371 20
6372 20
6373 20
6374 70
6375 70
6376 97
6377 64
6378 69
6379 97
6380 64
6381 97
6382 69
6383 86
6384 41
6385 58
6386 64
6387 58
6388 70
6389 22
6390 95
6391 68
6392 95
6393 95
6394 45
6395 45
6396 24
6397 45
6398 24
6399 84
6400 38
6401 26
6402 26
6403 26
6404 96
6405 0
6406 90
6407 37
6408 25
6409 48
6410 94
6411 83
6412 72
6413 4
6414 72
6415 90
6416 37
6417 41
6418 99
6419 99
6420 67
6421 67
6422 78
6423 67
6424 67
6425 39
6426 76
6427 39
6428 77
6429 40
6430 77
6431 39
6432 32
6433 60
6434 39
6435 60
6436 39
6437 39
6438 76
6439 76
6440 39
6441 39
6442 39
6443 47
6444 23
6445 23
6446 77
6447 76
6448 23
6449 45
6450 1
6451 1
6452 1
6453 51
6454 49
6455 79
6456 54
6457 1
6458 1
6459 79
6460 79
6461 1
6462 54
6463 51
6464 1
6465 51
6466 49
6467 1
6468 51
6469 79
6470 1
6471 58
6472 92
6473 26
6474 61
6475 37
6476 40
6477 35
6478 61
6479 35
6480 76
6481 61
6482 76
6483 32
6484 35
6485 76
6486 76
6487 57
6488 61
6489 35
6490 57
6491 76
6492 76
6493 76
6494 76
6495 20
6496 76
6497 20
6498 78
6499 8
6500 61
6501 76
6502 38
6503 23
6504 76
6505 35
6506 76
6507 35
6508 57
6509 76
6510 57
6511 76
6512 76
6513 76
6514 57
6515 14
6516 57
6517 76
6518 76
6519 57
6520 76
6521 57
6522 57
6523 39
6524 77
6525 14
6526 50
6527 77
6528 14
6529 50
6530 77
6531 50
6532 47
6533 50
6534 14
6535 39
6536 50
6537 39
6538 39
6539 39
6540 14
6541 39
6542 39
6543 14
6544 39
6545 39
6546 50
6547 62
6548 57
6549 35
6550 57
6551 81
6552 3
6553 85
6554 15
6555 85
6556 35
6557 81
6558 62
6559 30
6560 85
6561 58
6562 85
6563 20
6564 35
6565 12
6566 30
6567 30
6568 81
6569 30
6570 35
6571 12
6572 15
6573 85
6574 14
6575 62
6576 85
6577 81
6578 85
6579 89
6580 62
6581 35
6582 81
6583 14
6584 62
6585 20
6586 30
6587 57
6588 12
6589 12
6590 83
6591 51
6592 62
6593 12
6594 12
6595 50
6596 83
6597 14
6598 83
6599 62
6600 85
6601 62
6602 83
6603 12
6604 1
6605 14
6606 48
6607 48
6608 7
6609 12
6610 12
6611 51
6612 12
6613 36
6614 36
6615 53
6616 7
6617 85
6618 7
6619 7
6620 12
6621 7
6622 57
6623 90
6624 73
6625 90
6626 85
6627 85
6628 7
6629 42
6630 12
6631 7
6632 7
6633 7
6634 7
6635 7
6636 7
6637 60
6638 47
6639 3
6640 12
6641 57
6642 47
6643 57
6644 14
6645 57
6646 12
6647 85
6648 62
6649 85
6650 76
6651 57
6652 85
6653 7
6654 7
6655 85
6656 57
6657 7
6658 85
6659 30
6660 76
6661 72
6662 6
6663 68
6664 68
6665 68
6666 85
6667 73
6668 73
6669 73
6670 73
6671 7
6672 7
6673 7
6674 66
6675 66
6676 92
6677 66
6678 89
6679 89
6680 89
6681 4
6682 50
6683 50
6684 55
6685 21
6686 21
6687 89
6688 89
6689 8
6690 7
6691 43
6692 43
6693 43
6694 90
6695 22
6696 58
6697 22
6698 89
6699 38
6700 14
6701 58
6702 62
6703 3
6704 62
6705 30
6706 31
6707 31
6708 55
6709 59
6710 51
6711 83
6712 39
6713 51
6714 6
6715 32
6716 4
6717 47
6718 72
6719 91
6720 91
6721 91
6722 15
6723 85
6724 85
6725 72
6726 4
6727 37
6728 18
6729 42
6730 26
6731 90
6732 50
6733 31
6734 20
6735 50
6736 77
6737 76
6738 31
6739 24
6740 69
6741 69
6742 56
6743 70
6744 19
6745 19
6746 1
6747 24
6748 21
6749 21
6750 69
6751 56
6752 70
6753 41
6754 86
6755 56
6756 21
6757 21
6758 23
6759 41
6760 41
6761 45
6762 45
6763 24
6764 1
6765 45
6766 33
6767 9
6768 5
6769 99
6770 38
6771 23
6772 18
6773 17
6774 99
6775 45
6776 42
6777 71
6778 16
6779 18
6780 91
6781 91
6782 54
6783 91
6784 54
6785 42
6786 54
6787 91
6788 91
6789 71
6790 71
6791 42
6792 42
6793 18
6794 18
6795 99
6796 99
6797 19
6798 39
6799 6
6800 48
6801 16
6802 16
6803 16
6804 50
6805 16
6806 48
6807 16
6808 48
6809 35
6810 10
6811 10
6812 14
6813 30
6814 82
6815 61
6816 40
6817 8
6818 14
6819 75
6820 82
6821 82
6822 8
6823 7
6824 7
6825 35
6826 99
6827 35
6828 20
6829 78
6830 8
6831 78
6832 8
6833 78
6834 30
6835 8
6836 22
6837 61
6838 99
6839 20
6840 35
6841 21
6842 62
6843 22
6844 30
6845 43
6846 43
6847 7
6848 8
6849 21
6850 78
6851 99
6852 22
6853 99
6854 78
6855 8
6856 15
6857 22
6858 37
6859 8
6860 8
6861 8
6862 8
6863 6
6864 30
6865 43
6866 37
6867 78
6868 43
6869 8
6870 78
6871 62
6872 78
6873 9
6874 78
6875 82
6876 99
6877 8
6878 8
6879 8
6880 67
6881 10
6882 43
6883 62
6884 78
6885 14
6886 8
6887 43
6888 38
6889 14
6890 30
6891 8
6892 35
6893 58
6894 43
6895 8
6896 78
6897 21
6898 35
6899 8
6900 8
6901 8
6902 6
6903 8
6904 6
6905 21
6906 43
6907 62
6908 78
6909 9
6910 43
6911 22
6912 21
6913 10
6914 43
6915 5
6916 8
6917 43
6918 38
6919 43
6920 43
6921 6
6922 78
6923 78
6924 10
6925 62
6926 78
6927 12
6928 40
6929 50
6930 14
6931 48
6932 12
6933 12
6934 7
6935 61
6936 6
6937 30
6938 40
6939 48
6940 40
6941 11
6942 59
6943 41
6944 5
6945 48
6946 62
6947 30
6948 50
6949 15
6950 48
6951 50
6952 85
6953 2
6954 2
6955 2
6956 2
6957 59
6958 29
6959 10
6960 48
6961 2
6962 2
6963 68
6964 50
6965 15
6966 11
6967 5
6968 47
6969 76
6970 30
6971 14
6972 62
6973 14
6974 59
6975 59
6976 6
6977 62
6978 10
6979 15
6980 16
6981 6
6982 6
6983 62
6984 15
6985 16
6986 6
6987 10
6988 16
6989 2
6990 2
6991 47
6992 76
6993 82
6994 72
6995 6
6996 16
6997 19
6998 17
6999 21
7000 95
7001 19
7002 19
7003 59
7004 51
7005 38
7006 41
7007 65
7008 41
7009 91
7010 73
7011 31
7012 55
7013 91
7014 32
7015 77
7016 42
7017 16
7018 28
7019 34
7020 34
7021 34
7022 34
7023 34
7024 34
7025 1
7026 16
7027 42
7028 28
7029 91
7030 12
7031 50
7032 32
7033 16
7034 16
7035 28
7036 16
7037 32
7038 32
7039 16
7040 91
7041 91
7042 48
7043 16
7044 32
7045 28
7046 83
7047 6
7048 13
7049 13
7050 32
7051 4
7052 19
7053 48
7054 72
7055 72
7056 91
7057 21
7058 5
7059 5
7060 28
7061 77
7062 84
7063 41
7064 95
7065 68
7066 2
7067 23
7068 98
7069 70
7070 95
7071 95
7072 65
7073 65
7074 42
7075 42
7076 91
7077 83
7078 13
7079 13
7080 13
7081 91
7082 2
7083 59
7084 21
7085 42
7086 48
7087 48
7088 48
7089 5
7090 85
7091 48
7092 28
7093 86
7094 43
7095 95
7096 11
7097 11
7098 11
7099 11
7100 24
7101 57
7102 62
7103 81
7104 61
7105 30
7106 8
7107 8
7108 51
7109 59
7110 77
7111 6
7112 77
7113 50
7114 13
7115 13
7116 25
7117 25
7118 3
7119 40
7120 76
7121 60
7122 35
7123 59
7124 59
7125 51
7126 11
7127 55
7128 56
7129 56
7130 4
7131 56
7132 23
7133 23
7134 56
7135 17
7136 17
7137 55
7138 56
7139 83
7140 40
7141 83
7142 10
7143 50
7144 77
7145 83
7146 6
7147 5
7148 6
7149 6
7150 72
7151 56
7152 56
7153 56
7154 16
7155 47
7156 61
7157 81
7158 61
7159 81
7160 6
7161 6
7162 7
7163 7
7164 7
7165 7
7166 31
7167 7
7168 31
7169 13
7170 47
7171 7
7172 40
7173 7
7174 7
7175 31
7176 13
7177 10
7178 77
7179 10
7180 10
7181 72
7182 72
7183 72
7184 72
7185 72
7186 13
7187 28
7188 0
7189 21
7190 41
7191 77
7192 77
7193 77
7194 77
7195 72
7196 28
7197 28
7198 28
7199 22
7200 26
7201 28
7202 58
7203 6
7204 58
7205 90
7206 2
7207 91
7208 91
7209 91
7210 84
7211 52
7212 65
7213 66
7214 52
7215 52
7216 52
7217 73
7218 96
7219 52
7220 30
7221 30
7222 30
7223 53
7224 53
7225 13
7226 13
7227 5
7228 91
7229 91
7230 7
7231 7
7232 91
7233 91
7234 91
7235 91
7236 28
7237 34
7238 65
7239 65
7240 26
7241 65
7242 2
7243 64
7244 46
7245 11
7246 59
7247 11
7248 46
7249 99
7250 99
7251 39
7252 39
7253 47
7254 50
7255 50
7256 14
7257 14
7258 39
7259 40
7260 23
7261 40
7262 40
7263 40
7264 40
7265 23
7266 23
7267 76
7268 23
7269 23
7270 23
7271 23
7272 40
7273 40
7274 40
7275 40
7276 39
7277 76
7278 48
7279 40
7280 40
7281 40
7282 23
7283 23
7284 40
7285 40
7286 23
7287 23
7288 60
7289 76
7290 76
7291 76
7292 76
7293 44
7294 72
7295 51
7296 39
7297 39
7298 39
7299 23
7300 23
7301 54
7302 51
7303 51
7304 28
7305 28
7306 76
7307 76
7308 76
7309 76
7310 76
7311 76
7312 39
7313 39
7314 76
7315 76
7316 23
7317 12
7318 23
7319 73
7320 40
7321 83
7322 20
7323 55
7324 37
7325 46
7326 63
7327 46
7328 58
7329 41
7330 35
7331 77
7332 85
7333 62
7334 12
7335 85
7336 62
7337 61
7338 30
7339 12
7340 12
7341 12
7342 46
7343 36
7344 46
7345 46
7346 59
7347 29
7348 29
7349 29
7350 6
7351 89
7352 29
7353 2
7354 25
7355 25
7356 25
7357 8
7358 8
7359 61
7360 61
7361 30
7362 36
7363 43
7364 22
7365 17
7366 99
7367 65
7368 52
7369 17
7370 87
7371 87
7372 93
7373 7
7374 83
7375 91
7376 91
7377 91
7378 91
7379 91
7380 42
7381 9
7382 33
7383 64
7384 78
7385 78
7386 81
7387 81
7388 81
7389 77
7390 96
7391 52
7392 30
7393 36
7394 36
7395 99
7396 97
7397 70
7398 70
7399 70
7400 69
7401 9
7402 5
7403 70
7404 41
7405 11
7406 56
7407 11
7408 41
7409 70
7410 70
7411 83
7412 25
7413 0
7414 70
7415 21
7416 21
7417 21
7418 19
7419 19
7420 99
7421 69
7422 18
7423 18
7424 56
7425 0
7426 26
7427 70
7428 55
7429 4
7430 70
7431 40
7432 14
7433 28
7434 83
7435 4
7436 37
7437 18
7438 55
7439 55
7440 55
7441 70
7442 1
7443 26
7444 26
7445 90
7446 21
7447 26
7448 2
7449 2
7450 2
7451 17
7452 17
7453 17
7454 26
7455 26
7456 88
7457 88
7458 88
7459 60
7460 6
7461 83
7462 83
7463 71
7464 71
7465 89
7466 9
7467 64
7468 8
7469 8
7470 8
7471 61
7472 57
7473 81
7474 40
7475 40
7476 33
7477 51
7478 33
7479 41
7480 4
7481 57
7482 28
7483 60
7484 57
7485 57
7486 13
7487 13
7488 13
7489 13
7490 13
7491 76
7492 13
7493 8
7494 13
7495 13
7496 83
7497 37
7498 13
7499 13
7500 92
7501 13
7502 13
7503 13
7504 13
7505 13
7506 94
7507 32
7508 40
7509 50
7510 35
7511 50
7512 32
7513 14
7514 23
7515 76
7516 50
7517 15
7518 30
7519 11
7520 37
7521 27
7522 60
7523 48
7524 48
7525 53
7526 44
7527 44
7528 44
7529 44
7530 44
7531 44
7532 78
7533 64
7534 46
7535 30
7536 89
7537 84
7538 26
7539 20
7540 8
7541 62
7542 46
7543 30
7544 2
7545 64
7546 48
7547 0
7548 0
7549 69
7550 53
7551 58
7552 5
7553 22
7554 22
7555 67
7556 5
7557 43
7558 92
7559 64
7560 86
7561 86
7562 86
7563 58
7564 22
7565 58
7566 65
7567 65
7568 26
7569 98
7570 37
7571 37
7572 52
7573 52
7574 52
7575 92
7576 8
7577 8
7578 41
7579 41
7580 41
7581 41
7582 41
7583 41
7584 41
7585 52
7586 92
7587 86
7588 86
7589 92
7590 2
7591 10
7592 90
7593 20
7594 58
7595 10
7596 58
7597 90
7598 82
7599 53
7600 61
7601 40
7602 30
7603 47
7604 8
7605 67
7606 22
7607 67
7608 67
7609 8
7610 58
7611 38
7612 62
7613 30
7614 62
7615 62
7616 62
7617 43
7618 43
7619 5
7620 5
7621 58
7622 86
7623 86
7624 86
7625 86
7626 86
7627 8
7628 58
7629 58
7630 58
7631 36
7632 36
7633 6
7634 30
7635 64
7636 97
7637 97
7638 58
7639 36
7640 36
7641 37
7642 37
7643 98
7644 37
7645 64
7646 11
7647 62
7648 15
7649 29
7650 58
7651 67
7652 22
7653 22
7654 22
7655 86
7656 58
7657 86
7658 86
7659 22
7660 44
7661 22
7662 22
7663 44
7664 64
7665 22
7666 22
7667 58
7668 64
7669 22
7670 9
7671 68
7672 86
7673 64
7674 58
7675 64
7676 37
7677 68
7678 68
7679 97
7680 37
7681 37
7682 89
7683 37
7684 9
7685 97
7686 58
7687 97
7688 11
7689 11
7690 97
7691 97
7692 97
7693 97
7694 98
7695 97
7696 69
7697 97
7698 30
7699 78
7700 31
7701 65
7702 97
7703 97
7704 9
7705 9
7706 56
7707 56
7708 56
7709 69
7710 26
7711 97
7712 97
7713 92
7714 92
7715 69
7716 69
7717 58
7718 58
7719 58
7720 64
7721 64
7722 64
7723 90
7724 41
7725 66
7726 66
7727 25
7728 58
7729 67
7730 67
7731 58
7732 62
7733 28
7734 2
7735 46
7736 28
7737 51
7738 51
7739 26
7740 68
7741 68
7742 41
7743 90
7744 66
7745 66
7746 96
7747 34
7748 0
7749 26
7750 58
7751 64
7752 64
7753 64
7754 58
7755 64
7756 46
7757 46
7758 58
7759 97
7760 58
7761 98
7762 70
7763 70
7764 56
7765 70
7766 70
7767 98
7768 9
7769 40
7770 40
7771 32
7772 14
7773 7
7774 60
7775 60
7776 39
7777 77
7778 17
7779 83
7780 23
7781 55
7782 83
7783 23
7784 51
7785 83
7786 83
7787 62
7788 36
7789 3
7790 53
7791 53
7792 80
7793 40
7794 23
7795 53
7796 23
7797 51
7798 78
7799 36
7800 61
7801 8
7802 23
7803 35
7804 30
7805 12
7806 78
7807 61
7808 99
7809 22
7810 10
7811 15
7812 10
7813 10
7814 10
7815 77
7816 50
7817 83
7818 39
7819 83
7820 39
7821 40
7822 83
7823 14
7824 14
7825 40
7826 40
7827 83
7828 94
7829 47
7830 47
7831 39
7832 39
7833 91
7834 91
7835 40
7836 91
7837 33
7838 47
7839 91
7840 42
7841 42
7842 18
7843 9
7844 9
7845 14
7846 9
7847 97
7848 12
7849 85
7850 29
7851 62
7852 12
7853 93
7854 41
7855 90
7856 85
7857 53
7858 76
7859 12
7860 63
7861 99
7862 30
7863 62
7864 62
7865 30
7866 57
7867 63
7868 30
7869 30
7870 63
7871 81
7872 62
7873 30
7874 36
7875 30
7876 61
7877 62
7878 61
7879 20
7880 29
7881 38
7882 63
7883 62
7884 62
7885 30
7886 62
7887 75
7888 81
7889 81
7890 89
7891 30
7892 81
7893 81
7894 62
7895 63
7896 58
7897 62
7898 63
7899 81
7900 31
7901 31
7902 62
7903 80
7904 58
7905 60
7906 81
7907 15
7908 61
7909 57
7910 92
7911 36
7912 63
7913 80
7914 63
7915 63
7916 58
7917 76
7918 60
7919 15
7920 12
7921 81
7922 82
7923 81
7924 57
7925 61
7926 60
7927 61
7928 20
7929 46
7930 60
7931 60
7932 60
7933 60
7934 60
7935 60
7936 60
7937 60
7938 57
7939 60
7940 60
7941 60
7942 60
7943 12
7944 18
7945 41
7946 74
7947 48
7948 17
7949 59
7950 6
7951 59
7952 6
7953 91
7954 16
7955 47
7956 47
7957 16
7958 48
7959 91
7960 5
7961 48
7962 16
7963 5
7964 33
7965 49
7966 52
7967 52
7968 52
7969 54
7970 83
7971 71
7972 39
7973 79
7974 79
7975 1
7976 1
7977 91
7978 91
7979 74
7980 74
7981 74
7982 90
7983 90
7984 90
7985 90
7986 21
7987 48
7988 16
7989 1
7990 4
7991 4
7992 82
7993 82
7994 9
7995 78
7996 38
7997 38
7998 9
7999 5
8000 78
8001 62
8002 36
8003 25
8004 22
8005 5
8006 78
8007 10
8008 10
8009 99
8010 43
8011 8
8012 37
8013 67
8014 9
8015 61
8016 85
8017 90
8018 30
8019 78
8020 78
8021 78
8022 78
8023 30
8024 61
8025 30
8026 3
8027 78
8028 58
8029 78
8030 61
8031 10
8032 78
8033 43
8034 30
8035 10
8036 61
8037 76
8038 14
8039 3
8040 62
8041 78
8042 5
8043 35
8044 8
8045 93
8046 8
8047 5
8048 30
8049 8
8050 8
8051 17
8052 89
8053 8
8054 5
8055 14
8056 23
8057 8
8058 5
8059 39
8060 47
8061 94
8062 39
8063 40
8064 41
8065 6
8066 50
8067 72
8068 41
8069 39
8070 91
8071 95
8072 40
8073 47
8074 47
8075 47
8076 47
8077 91
8078 77
8079 77
8080 77
8081 77
8082 39
8083 94
8084 39
8085 99
8086 47
8087 40
8088 23
8089 39
8090 48
8091 76
8092 72
8093 40
8094 16
8095 48
8096 39
8097 91
8098 41
8099 94
8100 47
8101 48
8102 91
8103 48
8104 47
8105 48
8106 47
8107 40
8108 40
8109 39
8110 48
8111 48
8112 48
8113 89
8114 17
8115 13
8116 13
8117 21
8118 48
8119 48
8120 48
8121 48
8122 68
8123 65
8124 21
8125 18
8126 18
8127 41
8128 6
8129 59
8130 6
8131 72
8132 68
8133 59
8134 16
8135 97
8136 69
8137 48
8138 48
8139 91
8140 91
8141 18
8142 48
8143 16
8144 48
8145 91
8146 91
8147 47
8148 95
8149 37
8150 1
8151 12
8152 83
8153 83
8154 91
8155 21
8156 84
8157 0
8158 96
8159 21
8160 50
8161 51
8162 10
8163 39
8164 3
8165 3
8166 50
8167 10
8168 6
8169 28
8170 47
8171 47
8172 42
8173 47
8174 47
8175 27
8176 27
8177 27
8178 27
8179 61
8180 78
8181 30
8182 61
8183 78
8184 60
8185 60
8186 82
8187 82
8188 30
8189 61
8190 76
8191 30
8192 46
8193 46
8194 46
8195 46
8196 46
8197 67
8198 67
8199 81
8200 31
8201 62
8202 62
8203 36
8204 81
8205 57
8206 38
8207 59
8208 3
8209 9
8210 63
8211 46
8212 90
8213 90
8214 90
8215 90
8216 63
8217 63
8218 63
8219 63
8220 61
8221 63
8222 63
8223 63
8224 63
8225 63
8226 63
8227 78
8228 15
8229 63
8230 34
8231 61
8232 63
8233 63
8234 58
8235 58
8236 58
8237 63
8238 44
8239 44
8240 63
8241 63
8242 59
8243 81
8244 20
8245 53
8246 59
8247 63
8248 63
8249 63
8250 1
8251 51
8252 51
8253 79
8254 51
8255 88
8256 1
8257 1
8258 49
8259 15
8260 1
8261 79
8262 1
8263 46
8264 46
8265 60
8266 61
8267 60
8268 56
8269 4
8270 70
8271 55
8272 56
8273 93
8274 91
8275 18
8276 3
8277 55
8278 56
8279 67
8280 86
8281 67
8282 43
8283 4
8284 91
8285 98
8286 4
8287 94
8288 94
8289 94
8290 4
8291 4
8292 4
8293 72
8294 72
8295 23
8296 39
8297 23
8298 16
8299 89
8300 35
8301 47
8302 68
8303 28
8304 28
8305 42
8306 42
8307 1
8308 45
8309 1
8310 45
8311 1
8312 79
8313 79
8314 71
8315 45
8316 79
8317 24
8318 1
8319 79
8320 51
8321 88
8322 88
8323 83
8324 79
8325 1
8326 71
8327 1
8328 18
8329 94
8330 84
8331 79
8332 88
8333 41
8334 9
8335 79
8336 1
8337 1
8338 1
8339 79
8340 1
8341 1
8342 18
8343 83
8344 54
8345 1
8346 1
8347 45
8348 1
8349 71
8350 88
8351 71
8352 41
8353 18
8354 1
8355 1
8356 79
8357 79
8358 1
8359 1
8360 21
8361 48
8362 18
8363 0
8364 83
8365 48
8366 9
8367 14
8368 25
8369 55
8370 69
8371 91
8372 99
8373 4
8374 83
8375 94
8376 70
8377 3
8378 40
8379 40
8380 16
8381 94
8382 10
8383 90
8384 72
8385 39
8386 39
8387 49
8388 89
8389 31
8390 55
8391 31
8392 31
8393 51
8394 50
8395 14
8396 91
8397 91
8398 5
8399 48
8400 50
8401 16
8402 14
8403 16
8404 32
8405 48
8406 14
8407 23
8408 35
8409 50
8410 40
8411 51
8412 71
8413 18
8414 1
8415 71
8416 48
8417 91
8418 88
8419 88
8420 1
8421 79
8422 1
8423 79
8424 45
8425 79
8426 54
8427 1
8428 1
8429 88
8430 1
8431 1
8432 1
8433 1
8434 4
8435 0
8436 25
8437 72
8438 9
8439 94
8440 70
8441 32
8442 21
8443 33
8444 50
8445 0
8446 25
8447 25
8448 3
8449 17
8450 6
8451 28
8452 95
8453 18
8454 95
8455 59
8456 18
8457 48
8458 16
8459 34
8460 45
8461 45
8462 45
8463 45
8464 25
8465 25
8466 34
8467 25
8468 25
8469 94
8470 91
8471 91
8472 91
8473 32
8474 32
8475 76
8476 48
8477 48
8478 32
8479 47
8480 76
8481 76
8482 76
8483 81
8484 81
8485 42
8486 76
8487 76
8488 42
8489 42
8490 42
8491 47
8492 32
8493 81
8494 81
8495 56
8496 56
8497 69
8498 86
8499 56
8500 19
8501 70
8502 98
8503 41
8504 56
8505 86
8506 79
8507 0
8508 34
8509 34
8510 6
8511 30
8512 71
8513 96
8514 91
8515 91
8516 18
8517 51
8518 84
8519 18
8520 34
8521 34
8522 79
8523 34
8524 34
8525 18
8526 34
8527 41
8528 18
8529 34
8530 0
8531 73
8532 31
8533 73
8534 73
8535 84
8536 24
8537 45
8538 84
8539 84
8540 69
8541 34
8542 34
8543 84
8544 76
8545 93
8546 16
8547 18
8548 71
8549 91
8550 18
8551 84
8552 95
8553 34
8554 34
8555 71
8556 71
8557 71
8558 41
8559 5
8560 18
8561 71
8562 34
8563 96
8564 71
8565 90
8566 71
8567 71
8568 64
8569 97
8570 64
8571 0
8572 34
8573 71
8574 71
8575 95
8576 18
8577 68
8578 19
8579 95
8580 95
8581 26
8582 58
8583 31
8584 22
8585 2
8586 47
8587 50
8588 91
8589 48
8590 47
8591 35
8592 33
8593 8
8594 41
8595 64
8596 83
8597 3
8598 3
8599 18
8600 91
8601 76
8602 91
8603 26
8604 18
8605 11
8606 68
8607 11
8608 34
8609 41
8610 48
8611 16
8612 30
8613 28
8614 26
8615 28
8616 68
8617 0
8618 68
8619 68
8620 0
8621 72
8622 18
8623 80
8624 80
8625 73
8626 73
8627 17
8628 17
8629 20
8630 30
8631 3
8632 62
8633 32
8634 32
8635 91
8636 91
8637 91
8638 16
8639 16
8640 48
8641 10
8642 10
8643 96
8644 96
8645 34
8646 41
8647 13
8648 96
8649 0
8650 10
8651 31
8652 37
8653 6
8654 10
8655 42
8656 6
8657 6
8658 47
8659 1
8660 1
8661 83
8662 73
8663 68
8664 19
8665 95
8666 95
8667 95
8668 3
8669 3
8670 7
8671 7
8672 28
8673 73
8674 21
8675 1
8676 8
8677 8
8678 68
8679 6
8680 91
8681 28
8682 91
8683 47
8684 91
8685 10
8686 64
8687 97
8688 97
8689 97
8690 28
8691 54
8692 72
8693 54
8694 16
8695 59
8696 91
8697 91
8698 97
8699 38
8700 38
8701 38
8702 50
8703 42
8704 42
8705 42
8706 59
8707 18
8708 16
8709 10
8710 18
8711 18
8712 95
8713 25
8714 72
8715 96
8716 96
8717 18
8718 47
8719 47
8720 47
8721 54
8722 54
8723 54
8724 25
8725 99
8726 5
8727 21
8728 48
8729 95
8730 25
8731 55
8732 83
8733 83
8734 83
8735 5
8736 58
8737 5
8738 22
8739 22
8740 16
8741 16
8742 91
8743 21
8744 73
8745 83
8746 55
8747 73
8748 93
8749 31
8750 73
8751 73
8752 73
8753 73
8754 48
8755 48
8756 14
8757 40
8758 14
8759 94
8760 83
8761 73
8762 55
8763 73
8764 14
8765 83
8766 65
8767 52
8768 6
8769 83
8770 70
8771 69
8772 96
8773 82
8774 46
8775 46
8776 82
8777 40
8778 40
8779 40
8780 40
8781 6
8782 6
8783 6
8784 6
8785 6
8786 77
8787 23
8788 23
8789 47
8790 16
8791 47
8792 16
8793 16
8794 77
8795 77
8796 14
8797 19
8798 72
8799 72
8800 72
8801 78
8802 37
8803 58
8804 84
8805 91
8806 25
8807 30
8808 99
8809 99
8810 87
8811 98
8812 98
8813 49
8814 96
8815 21
8816 21
8817 21
8818 21
8819 65
8820 65
8821 65
8822 42
8823 42
8824 52
8825 65
8826 91
8827 52
8828 52
8829 52
8830 1
8831 51
8832 42
8833 58
8834 72
8835 49
8836 18
8837 18
8838 98
8839 91
8840 91
8841 91
8842 91
8843 16
8844 41
8845 41
8846 21
8847 94
8848 5
8849 95
8850 95
8851 41
8852 1
8853 91
8854 91
8855 79
8856 1
8857 1
8858 37
8859 5
8860 15
8861 47
8862 48
8863 39
8864 99
8865 99
8866 29
8867 99
8868 99
8869 49
8870 56
8871 70
8872 56
8873 98
8874 70
8875 70
8876 98
8877 41
8878 70
8879 56
8880 70
8881 70
8882 91
8883 91
8884 37
8885 56
8886 97
8887 97
8888 70
8889 68
8890 56
8891 56
8892 95
8893 37
8894 43
8895 17
8896 56
8897 83
8898 56
8899 15
8900 77
8901 0
8902 20
8903 70
8904 98
8905 55
8906 55
8907 56
8908 33
8909 41
8910 28
8911 33
8912 33
8913 89
8914 61
8915 98
8916 9
8917 37
8918 98
8919 37
8920 98
8921 37
8922 68
8923 68
8924 68
8925 30
8926 90
8927 3
8928 29
8929 15
8930 15
8931 61
8932 29
8933 29
8934 18
8935 11
8936 83
8937 25
8938 25
8939 11
8940 25
8941 41
8942 25
8943 25
8944 11
8945 20
8946 25
8947 29
8948 90
8949 2
8950 90
8951 21
8952 5
8953 11
8954 2
8955 58
8956 64
8957 5
8958 42
8959 42
8960 48
8961 48
8962 71
8963 34
8964 34
8965 40
8966 97
8967 97
8968 97
8969 40
8970 47
8971 39
8972 39
8973 77
8974 39
8975 40
8976 47
8977 39
8978 39
8979 23
8980 48
8981 14
8982 16
8983 40
8984 39
8985 32
8986 14
8987 50
8988 48
8989 47
8990 39
8991 39
8992 4
8993 39
8994 47
8995 39
8996 40
8997 32
8998 94
8999 39
9000 94
9001 42
9002 23
9003 39
9004 32
9005 40
9006 75
9007 32
9008 10
9009 54
9010 10
9011 10
9012 54
9013 54
9014 51
9015 14
9016 47
9017 15
9018 40
9019 51
9020 54
9021 1
9022 54
9023 47
9024 83
9025 90
9026 89
9027 39
9028 32
9029 48
9030 48
9031 48
9032 47
9033 47
9034 6
9035 83
9036 50
9037 42
9038 48
9039 18
9040 37
9041 42
9042 95
9043 48
9044 47
9045 82
9046 36
9047 30
9048 77
9049 83
9050 55
9051 48
9052 55
9053 95
9054 33
9055 23
9056 48
9057 40
9058 77
9059 55
9060 33
9061 17
9062 50
9063 55
9064 40
9065 50
9066 60
9067 17
9068 99
9069 17
9070 17
9071 39
9072 7
9073 47
9074 91
9075 39
9076 48
9077 7
9078 16
9079 39
9080 4
9081 41
9082 91
9083 73
9084 80
9085 80
9086 69
9087 55
9088 55
9089 37
9090 90
9091 56
9092 3
9093 55
9094 41
9095 55
9096 70
9097 72
9098 41
9099 90
9100 83
9101 13
9102 91
9103 91
9104 37
9105 68
9106 90
9107 37
9108 83
9109 72
9110 21
9111 90
9112 55
9113 72
9114 3
9115 60
9116 60
9117 89
9118 70
9119 83
9120 37
9121 37
9122 91
9123 90
9124 13
9125 90
9126 83
9127 20
9128 23
9129 57
9130 33
9131 33
9132 47
9133 47
9134 23
9135 1
9136 28
9137 74
9138 74
9139 74
9140 57
9141 6
9142 15
9143 28
9144 28
9145 19
9146 10
9147 51
9148 39
9149 77
9150 51
9151 14
9152 14
9153 72
9154 16
9155 91
9156 42
9157 94
9158 16
9159 50
9160 16
9161 91
9162 72
9163 18
9164 85
9165 85
9166 47
9167 42
9168 16
9169 42
9170 48
9171 62
9172 83
9173 91
9174 10
9175 6
9176 9
9177 9
9178 47
9179 85
9180 10
9181 18
9182 18
9183 59
9184 66
9185 33
9186 48
9187 91
9188 30
9189 84
9190 26
9191 66
9192 65
9193 68
9194 68
9195 48
9196 4
9197 17
9198 77
9199 72
9200 89
9201 72
9202 82
9203 82
9204 82
9205 82
9206 82
9207 28
9208 28
9209 53
9210 96
9211 94
9212 48
9213 94
9214 42
9215 68
9216 2
9217 34
9218 96
9219 63
9220 7
9221 7
9222 34
9223 94
9224 94
9225 91
9226 42
9227 94
9228 96
9229 91
9230 48
9231 48
9232 7
9233 54
9234 54
9235 51
9236 79
9237 48
9238 83
9239 54
9240 54
9241 73
9242 5
9243 28
9244 10
9245 81
9246 54
9247 71
9248 71
9249 41
9250 40
9251 10
9252 71
9253 40
9254 91
9255 54
9256 54
9257 54
9258 54
9259 73
9260 34
9261 93
9262 42
9263 91
9264 57
9265 47
9266 42
9267 72
9268 13
9269 33
9270 68
9271 41
9272 69
9273 14
9274 14
9275 98
9276 56
9277 98
9278 98
9279 95
9280 21
9281 21
9282 21
9283 37
9284 77
9285 98
9286 19
9287 98
9288 18
9289 73
9290 82
9291 36
9292 38
9293 48
9294 48
9295 48
9296 37
9297 72
9298 72
9299 48
9300 48
9301 91
9302 91
9303 0
9304 0
9305 9
9306 40
9307 40
9308 18
9309 91
9310 72
9311 9
9312 9
9313 18
9314 18
9315 4
9316 72
9317 41
9318 72
9319 76
9320 9
9321 9
9322 9
9323 95
9324 9
9325 9
9326 9
9327 6
9328 6
9329 6
9330 6
9331 6
9332 6
9333 3
9334 12
9335 12
9336 76
9337 76
9338 23
9339 23
9340 40
9341 40
9342 40
9343 40
9344 40
9345 40
9346 51
9347 51
9348 76
9349 76
9350 61
9351 61
9352 57
9353 61
9354 40
9355 40
9356 40
9357 40
9358 50
9359 50
9360 40
9361 40
9362 57
9363 50
9364 50
9365 61
9366 47
9367 61
9368 47
9369 12
9370 14
9371 12
9372 57
9373 40
9374 57
9375 57
9376 76
9377 76
9378 76
9379 60
9380 57
9381 57
9382 57
9383 12
9384 12
9385 12
9386 12
9387 6
9388 32
9389 32
9390 32
9391 61
9392 77
9393 85
9394 61
9395 32
9396 32
9397 61
9398 61
9399 12
9400 12
9401 12
9402 12
9403 12
9404 15
9405 47
9406 12
9407 12
9408 12
9409 57
9410 60
9411 60
9412 60
9413 57
9414 12
9415 57
9416 12
9417 57
9418 57
9419 12
9420 12
9421 12
9422 57
9423 81
9424 81
9425 12
9426 12
9427 12
9428 57
9429 6
9430 12
9431 12
9432 60
9433 60
9434 60
9435 57
9436 53
9437 57
9438 60
9439 60
9440 57
9441 57
9442 12
9443 12
9444 12
9445 70
9446 57
9447 57
9448 57
9449 57
9450 85
9451 20
9452 60
9453 60
9454 57
9455 57
9456 57
9457 57
9458 57
9459 76
9460 85
9461 85
9462 85
9463 67
9464 67
9465 12
9466 12
9467 60
9468 60
9469 57
9470 39
9471 39
9472 39
9473 76
9474 76
9475 76
9476 76
9477 12
9478 30
9479 30
9480 12
9481 39
9482 12
9483 12
9484 39
9485 12
9486 12
9487 57
9488 57
9489 57
9490 35
9491 38
9492 38
9493 38
9494 97
9495 29
9496 5
9497 46
9498 82
9499 37
9500 29
9501 40
9502 30
9503 20
9504 61
9505 40
9506 40
9507 40
9508 49
9509 33
9510 18
9511 18
9512 6
9513 47
9514 6
9515 18
9516 9
9517 91
9518 42
9519 9
9520 6
9521 6
9522 9
9523 18
9524 18
9525 88
9526 88
9527 54
9528 54
9529 20
9530 25
9531 91
9532 28
9533 11
9534 18
9535 25
9536 18
9537 95
9538 41
9539 48
9540 91
9541 16
9542 16
9543 16
9544 11
9545 9
9546 11
9547 22
9548 55
9549 22
9550 82
9551 0
9552 93
9553 73
9554 83
9555 21
9556 82
9557 21
9558 0
9559 21
9560 82
9561 6
9562 28
9563 18
9564 41
9565 42
9566 42
9567 94
9568 99
9569 99
9570 99
9571 69
9572 86
9573 63
9574 5
9575 63
9576 15
9577 29
9578 29
9579 29
9580 82
9581 29
9582 29
9583 15
9584 59
9585 82
9586 6
9587 16
9588 21
9589 10
9590 10
9591 6
9592 11
9593 15
9594 59
9595 6
9596 2
9597 81
9598 99
9599 29
9600 46
9601 3
9602 3
9603 2
9604 29
9605 2
9606 2
9607 29
9608 82
9609 13
9610 29
9611 3
9612 82
9613 5
9614 85
9615 59
9616 46
9617 29
9618 91
9619 46
9620 29
9621 29
9622 61
9623 29
9624 5
9625 5
9626 82
9627 36
9628 29
9629 61
9630 82
9631 61
9632 5
9633 29
9634 46
9635 29
9636 46
9637 46
9638 38
9639 13
9640 20
9641 13
9642 38
9643 20
9644 59
9645 16
9646 90
9647 83
9648 82
9649 6
9650 16
9651 30
9652 61
9653 30
9654 89
9655 89
9656 20
9657 59
9658 59
9659 64
9660 28
9661 28
9662 20
9663 5
9664 5
9665 43
9666 5
9667 3
9668 57
9669 78
9670 99
9671 30
9672 5
9673 29
9674 8
9675 29
9676 5
9677 82
9678 25
9679 25
9680 25
9681 25
9682 37
9683 17
9684 25
9685 21
9686 85
9687 57
9688 57
9689 57
9690 57
9691 57
9692 57
9693 57
9694 95
9695 91
9696 91
9697 95
9698 95
9699 19
9700 0
9701 73
9702 4
9703 25
9704 73
9705 83
9706 41
9707 99
9708 84
9709 55
9710 17
9711 41
9712 17
9713 4
9714 84
9715 84
9716 4
9717 25
9718 16
9719 4
9720 16
9721 16
9722 21
9723 19
9724 72
9725 25
9726 25
9727 25
9728 25
9729 25
9730 25
9731 25
9732 25
9733 25
9734 25
9735 25
9736 25
9737 25
9738 25
9739 25
9740 25
9741 25
9742 25
9743 25
9744 25
9745 96
9746 65
9747 65
9748 65
9749 52
9750 66
9751 65
9752 83
9753 26
9754 65
9755 26
9756 96
9757 65
9758 89
9759 52
9760 0
9761 84
9762 26
9763 66
9764 84
9765 52
9766 52
9767 52
9768 65
9769 65
9770 65
9771 65
9772 65
9773 65
9774 65
9775 52
9776 87
9777 96
9778 89
9779 83
9780 34
9781 87
9782 34
9783 65
9784 66
9785 84
9786 84
9787 66
9788 52
9789 89
9790 65
9791 52
9792 52
9793 65
9794 65
9795 87
9796 96
9797 65
9798 87
9799 87
9800 89
9801 65
9802 52
9803 65
9804 65
9805 65
9806 65
9807 65
9808 65
9809 65
9810 65
9811 65
9812 52
9813 52
9814 65
9815 52
9816 87
9817 52
9818 52
9819 87
9820 84
9821 52
9822 65
9823 65
9824 52
9825 66
9826 66
9827 89
9828 65
9829 96
9830 66
9831 34
9832 65
9833 65
9834 66
9835 52
9836 96
9837 65
9838 65
9839 65
9840 65
9841 65
9842 66
9843 89
9844 89
9845 65
9846 65
9847 89
9848 96
9849 65
9850 65
9851 65
9852 65
9853 52
9854 66
9855 66
9856 65
9857 89
9858 65
9859 65
9860 65
9861 66
9862 52
9863 96
9864 65
9865 65
9866 52
9867 52
9868 52
9869 65
9870 26
9871 96
9872 0
9873 65
9874 65
9875 52
9876 65
9877 65
9878 96
9879 87
9880 87
9881 0
9882 65
9883 18
9884 26
9885 65
9886 52
9887 65
9888 52
9889 52
9890 52
9891 65
9892 65
9893 52
9894 52
9895 65
9896 65
9897 52
9898 93
9899 25
9900 25
9901 25
9902 25
9903 8
9904 8
9905 0
9906 0
9907 48
9908 48
9909 48
9910 26
9911 52
9912 84
9913 65
9914 52
9915 40
9916 35
9917 30
9918 83
9919 22
9920 37
9921 22
9922 28
9923 75
9924 35
9925 70
9926 75
9927 83
9928 70
9929 87
9930 31
9931 25
9932 38
9933 41
9934 9
9935 37
9936 38
9937 41
9938 41
9939 41
9940 95
9941 28
9942 28
9943 91
9944 91
9945 28
9946 28
9947 8
9948 8
9949 41
9950 28
9951 37
9952 72
9953 28
9954 25
9955 25
9956 25
9957 72
9958 33
9959 94
9960 25
9961 89
9962 33
9963 33
9964 33
9965 25
9966 25
9967 56
9968 25
9969 25
9970 25
9971 25
9972 72
9973 72
9974 72
9975 66
9976 47
9977 52
9978 52
9979 52
9980 2
9981 44
9982 93
9983 97
9984 97
9985 42
9986 65
9987 87
9988 52
9989 52
9990 65
9991 52
9992 20
9993 30
9994 92
9995 97
9996 97
9997 69
9998 96
9999 92
